Input scale (32 bit):
 34036452
Input zero point:
 128
Weight scale (32 bit):
 51371096
Weight zero point:
 138
Output scale (32 bit):
 442534624
Output zero point:
 113
M scale (32 bit):
 3951080
Weight (8 bit):
weights_conv[0] = {-5, -14, -10, 5, 9, 16, -4, 55, -4, 6, 1, -12, -66, -24, -11, 15, -15, -72, 15, 4, 46, -109, 14, 2, -5, 1, 17, 61, 59, 36, -14, -8, -57, 50, 6, 4, 32, 16, -42, -17, 21, -15, 12, 42, 59, -7, 15, -2, -40, 39, -5, 21, 22, 17, -12, 10, -8, -54, 36, -54, 14, -35, -16, 17, 9, 12, 13, 23, 43, 83, 82, -17};
weights_conv[1] = {11, -7, -22, -9, 28, 4, -9, -51, -11, 47, 2, 4, 95, 23, 10, 26, -12, 30, 10, 7, -14, -22, -24, -7, -4, -24, 8, 44, -2, 56, -6, 20, -60, 37, -3, 8, 46, 19, -23, -2, -33, 64, 4, -18, -60, -69, 13, -23, -21, -6, 9, -67, 16, -12, -5, 63, -11, -38, -57, -32, 73, -23, -1, 36, -6, 12, 7, 16, -23, 59, -7, -31};
weights_conv[2] = {8, -14, 7, 18, -42, 11, 98, 35, -10, -46, 4, -10, -3, -3, 2, 23, -22, 58, -33, 13, -10, 56, 45, -8, -8, 4, 19, -69, -44, -3, -19, 0, 3, 21, 3, -78, 11, 8, 4, -9, -16, 5, 15, 5, 18, -7, 4, -27, -14, -18, 100, -7, -2, -47, -13, 27, -18, 47, 55, 93, 63, 48, -45, 23, 6, 12, 12, -9, 54, -38, -42, -4};
weights_conv[3] = {-3, -7, 5, 2, 12, 4, -34, -9, 4, 6, 5, 10, 3, 22, -10, 60, -12, 10, 16, 9, -42, 6, 9, 9, -17, 4, 9, 59, -54, 33, -12, 31, 36, 23, 10, 63, -71, -46, 10, 0, -7, 106, 8, -27, 42, 37, 3, 70, 9, -6, -41, 3, -5, 6, -5, -5, -1, -55, 20, -74, -10, -2, 43, -58, -28, 4, 10, -1, -60, -4, -38, 36};
weights_conv[4] = {13, -16, -14, 5, -12, 16, -22, 41, 7, -66, 7, 6, 14, 22, 54, 20, 13, -55, -16, -3, 53, 19, 0, -12, -42, -4, 11, 4, 79, 15, -14, -2, 6, 27, -5, -72, 54, 4, -24, -16, -18, -47, 5, -44, -42, -42, 0, 10, -9, 18, -29, 18, 14, 17, -5, -34, -11, 117, 65, -68, -29, 28, 1, 7, -1, 9, 6, 1, 3, 22, 54, -73};
weights_conv[5] = {2, 0, -33, 23, -16, 1, -5, -51, 4, -32, -1, 0, 9, 19, -17, -132, -28, -71, -12, 22, -15, -8, -48, -17, 20, -1, 7, -31, -23, -40, -3, 36, -1, 37, -5, 38, 32, 41, -14, -6, -4, -30, 10, 0, 21, -64, 12, -22, -8, -10, -55, 10, 26, 3, -6, 12, -10, 64, -40, -58, -50, 80, -9, 56, -18, 3, 5, -1, 35, 2, -57, 117};
weights_conv[6] = {-4, -5, -6, -35, 12, 9, 83, 12, 2, 15, 1, -7, 38, 4, -42, -27, -38, -7, 25, 5, -52, 52, 6, -23, -11, -11, 5, -58, -63, -41, -6, -5, 75, 10, 3, 56, -13, -56, 19, -12, 0, -90, 2, -5, 5, 53, 17, 14, -12, -30, -25, 14, 6, -15, -3, 29, -2, 25, 6, 108, 2, -24, 19, -121, -7, 4, 4, -17, -44, 42, 33, 58};
weights_conv[7] = {2, -3, -17, 30, 8, 10, 44, 27, -12, 35, 0, 6, 20, 7, 28, 30, -13, 71, -40, 1, 55, 62, 17, 2, 10, -19, 13, -45, 55, -40, -10, -13, 51, 0, 2, -18, -10, -20, 47, -6, 31, -14, 2, 4, -39, 24, 15, 15, -16, -18, 4, 0, 10, -3, -9, -5, -10, 63, 66, 106, -8, -64, 9, -9, -4, 11, 10, 16, 24, 3, 59, 30};
weights_conv[8] = {-4, -6, -12, -74, -95, 6, -83, 33, -38, 0, 0, -16, -8, 20, -60, -11, 39, 70, -43, -13, 31, -6, 31, 15, 29, -5, 4, 23, 49, -39, -15, -3, -63, -2, 18, -39, -107, -39, 93, -7, 4, 56, 6, 48, -13, -11, 4, -40, 19, 7, -26, 21, 23, 2, -14, -24, -5, -28, -39, 34, -62, 43, 0, -9, -14, 9, 5, -17, 25, -33, -21, -54};
weights_conv[9] = {4, -3, 15, -6, 36, 9, 9, -74, 7, 11, 1, -5, -137, 18, 4, 26, 18, 68, 67, 14, -35, -57, -37, 1, 11, 16, 7, -56, -13, -46, -1, -30, -52, 33, 4, 26, -25, 57, -25, -5, -20, 60, 6, 11, 15, 26, 14, -5, 4, 7, -41, 4, -4, 15, 4, 6, -5, 1, -56, -14, 84, -55, 21, 37, -18, 4, 7, 7, -56, -84, -18, 16};
weights_conv[10] = {-5, 36, 31, 24, 20, -36, -23, 6, 14, -1, -1, 11, 19, -35, 25, -31, 33, -40, 0, -28, -15, 4, 3, 7, 19, 21, -30, 32, -28, 13, 35, -19, -5, -119, -6, 31, 10, 11, 4, 36, 10, -38, -31, -5, -5, 14, -38, 6, 37, -3, 57, -15, -36, 10, 34, -48, 32, -55, -19, 10, -48, -14, -5, -2, 37, -36, -33, -30, -15, -13, -23, -47};

Bias (8 bit):
 {3711, 253, -1683, -1436, -648, -57, -709, -1086, -1031, -1294, -1025};
