Input scale (32 bit):
 34036452
Input zero point:
 128
Weight scale (32 bit):
 45673116
Weight zero point:
 179
Output scale (32 bit):
 373088064
Output zero point:
 174
M scale (32 bit):
 4166713
Weight (8 bit):
weights_conv[0] = {-61, -15, -27, 2, 18, 17, -9, -25, -11, 35, -79, 49, -6, -14, -24, 36, -24, -16, 14, -11, 69, 20, -21, 76, -56, -123, 14, -15, 12, 1, -12, 14, 28, 30, -179, -26, -13, 6, -41, -21, 20, 1, 13, 3, -5, -7, -14, -10, 3, 59, 8, 65, 23, -98, -17, 10, -20, -10, -26, -7, -5, 57, 11, -3, -3, 11, 14, -25, 2, -13, 5, -3};

Bias (8 bit):
 {-3198};
