Input scale (32 bit):
 157646608
Input scale temporal normalisation (32 bit):
 23402652 (remember to inverse diff calculation or include change in sing)
Input scale channel normalisation (32 bit):
 23402653696
Input zero point:
 174
Weight scale (32 bit):
 65347612
Weight zero point:
 135
Output scale (32 bit):
 208478736
Output zero point:
 165
M Scales (32 bit):
 49414292
Input quantisation (only for first layer):
F scale (for 32 bits):3656664481
T scale (for 32 bits):117013
Weight (8 bit):
weights_conv[0] = {0, 0, 0, 0, 0, 0, 0, 0, 0, 0, 0, 0, 0, 0, 0, 0, 0, 0, 0, 0, 0, 0, 0, 0, 0, 0, 0, 0, 0, 0, 0, 0, 0, 0, 0, 0, 0, 0, 0, 0, 0, 0, 0, 0, 0, 0, 0, 0, 0, 0, 0, 0, 0, 0, 0, 0, 0, 0, 0, 0, 0, 0, 0, 0, 0, 0, 0, 0, 0, 0, 0, 0, 0, 0};
weights_conv[1] = {-1, -13, -16, 0, -1, -5, 32, 0, 14, -4, -3, -11, 1, 19, 18, 10, 0, 24, -21, 8, -1, 15, -15, 6, 20, -4, -4, 13, -9, -15, -15, 14, -13, 0, -12, -2, -10, 1, -1, 0, 22, -17, -12, -18, -15, 10, -16, -17, 4, -11, 11, 0, 7, -18, -8, -2, -46, 11, 0, -33, 6, -28, -7, -11, 30, -24, -15, 13, 8, -20, -22, -14, 8, -10};
weights_conv[2] = {58, -54, -2, 0, -15, 0, -12, 9, -9, 5, 14, 14, 3, -1, 11, 6, 0, 12, -3, -7, 9, 5, -10, -12, -9, 12, 8, -23, 11, -7, 3, 13, -5, 18, 6, 15, -12, 12, -5, 0, -12, -2, 7, 3, -1, -5, 5, 20, -2, -13, -24, 0, 17, -1, -5, 7, -3, -29, 0, 19, 15, 7, 13, 0, 4, 30, -8, 5, 4, 1, 2, -7, -6, 19};
weights_conv[3] = {0, 0, 0, 0, 0, 0, 0, 0, 0, 0, 0, 0, 0, 0, 0, 0, 0, 0, 0, 0, 0, 0, 0, 0, 0, 0, 0, 0, 0, 0, 0, 0, 0, 0, 0, 0, 0, 0, 0, 0, 0, 0, 0, 0, 0, 0, 0, 0, 0, 0, 0, 0, 0, 0, 0, 0, 0, 0, 0, 0, 0, 0, 0, 0, 0, 0, 0, 0, 0, 0, 0, 0, 0, 0};
weights_conv[4] = {-4, 2, 5, 0, 1, -3, 7, -1, -3, -3, -6, 1, -1, 0, -4, -8, 0, 8, 1, -3, -2, 8, -6, 0, 5, 1, 4, -14, 3, 2, 3, 1, 5, -1, 2, -4, -3, -8, 5, 0, 9, 0, 3, 0, 4, 0, 6, -9, -3, -1, -11, 0, 5, 5, -7, -4, 0, 0, 0, -3, 4, -4, 5, 5, 5, -7, -2, 16, -5, -1, -8, -8, 2, 4};
weights_conv[5] = {-24, 4, -18, 0, -7, -4, -7, 6, -14, 10, 16, 0, 4, -12, 4, 5, 0, 29, 8, -3, 6, 19, -8, -2, 11, 34, -3, 6, 0, -11, -14, -7, 1, 11, 2, -9, 17, 3, -3, 0, 13, 6, -7, 7, 4, -4, 5, -21, 8, 8, -6, 0, -8, -2, 2, 1, 0, 6, 0, -17, 9, 1, 9, 1, 15, -12, -8, -5, -4, 13, 4, -2, 2, 2};
weights_conv[6] = {-15, -90, 12, 0, -1, -19, 26, -3, 15, 7, 0, -13, 14, 15, 7, 3, 0, -26, 19, 8, -2, 1, 20, 7, -7, 12, -21, -10, -5, -26, 47, 63, -2, 5, 13, 12, 9, 8, -7, 0, 9, 13, 20, -2, -4, 10, -4, 29, -10, -6, -5, 0, 10, -2, -2, 21, -30, 4, 0, 12, -10, -16, -27, 9, -6, 9, 1, 19, -2, 5, -24, 11, -29, 0};
weights_conv[7] = {11, 0, -4, 0, 0, 15, 2, 9, 12, 9, -2, -2, 6, 14, 17, -6, 0, -1, -3, -7, -8, 17, 23, 3, -1, 5, -3, 12, 11, 6, 2, 4, 7, -6, 1, 5, -1, -6, -2, 0, -16, -5, -12, 1, -2, 10, -3, -13, 11, -10, 8, 0, 9, -3, 3, 2, -13, 13, 0, -7, 9, 17, -1, 0, -5, -15, 18, 21, 8, -3, -8, 5, 10, 6};
weights_conv[8] = {0, -31, -4, 0, 3, 13, 21, 17, 8, -2, -5, 26, -13, 4, 17, -16, 0, -12, 13, -16, 10, -9, 6, -27, 21, 5, 46, 20, -4, 27, 8, -14, 30, 3, 16, 6, 3, 25, -11, 0, -30, 10, 26, 5, -14, 59, -40, -4, -7, -24, -19, 0, 2, -7, -2, -4, -1, 15, 0, 0, -9, -18, 0, 11, -29, 10, 17, 30, -9, -29, 10, 8, 1, -9};
weights_conv[9] = {-31, -30, -2, 0, 0, 11, -3, 4, -2, -2, 3, 7, -1, 13, 5, -10, 0, 6, -4, 5, -2, 2, -9, 14, -21, -1, 4, -2, -5, 16, 4, -2, 13, 5, 8, 4, -12, 10, -4, 0, 4, -4, 6, -7, -11, -2, 15, 13, 6, 2, -3, 0, -1, -7, 2, -11, -1, -11, 0, 1, 20, -2, 9, 6, 0, -4, 15, -10, 6, 1, 1, -6, -7, -7};
weights_conv[10] = {6, -7, -20, 0, -26, -4, 23, 13, 0, 2, 20, -3, 16, 23, 7, 1, 0, -2, -8, -14, -16, 0, -9, 6, 0, -3, -38, 1, 7, -1, 13, -10, -32, -16, -10, 9, 10, -15, 2, 0, -3, 7, -6, 5, -7, 0, -11, 18, -3, -10, 2, 0, 27, 9, 0, 14, 1, 2, 0, -10, -16, 3, 18, 19, -33, 10, 9, 12, -5, 18, 2, -22, 12, 17};
weights_conv[11] = {3, 39, 15, 0, 16, 13, -5, -9, 1, 4, 10, -1, -6, -2, 32, -9, 0, -6, -8, 6, 4, 40, -7, 6, 9, -13, -11, 15, 44, 13, 3, -20, -3, 26, -18, 7, -30, -19, 6, 0, 4, -7, -32, 32, -28, 8, 4, -14, 2, 16, -4, 0, -18, 8, -20, -2, -18, 24, 0, 11, -5, 32, 8, 10, 15, -24, 7, 29, 12, 12, -15, 51, 15, 18};
weights_conv[12] = {-16, -9, 1, 0, 7, 1, 4, -3, 3, -5, 12, 1, -2, 2, 5, 8, 0, -9, -5, -4, -4, 5, 0, -8, 10, -11, 1, -2, 0, 5, 2, -6, -5, -1, 4, 0, 1, 4, 3, 0, 2, 6, 6, 4, -3, 0, 7, 6, -6, 1, -7, 0, 2, -3, -6, 0, 2, -4, 0, -2, 19, 3, 0, -2, 4, 0, 6, -15, 8, 7, 10, -2, 7, -1};
weights_conv[13] = {7, -59, -10, 0, -17, -1, -3, 1, -4, -14, -16, -5, -2, 6, 6, -27, 0, 2, 2, 23, 3, 36, -8, 21, -22, -8, -1, -10, 5, 9, 5, 5, 13, -3, -2, 5, -21, -6, -10, 0, 17, -3, -12, 1, -14, -5, -4, -5, -18, 17, -8, 0, -11, -7, -1, 3, 0, -10, 0, 19, 10, 3, 4, -1, -8, 2, 9, -22, 10, 3, 2, 0, -7, 4};
weights_conv[14] = {2, -10, -14, 0, -18, -1, 6, 9, -3, -7, -18, 4, -34, -9, 28, 0, 0, -20, 5, -17, -26, 1, -5, 3, -4, 5, -20, -5, -17, -16, -22, -14, -28, 3, -12, 20, -4, -3, 4, 0, -6, 4, 3, -7, -3, 9, 0, 5, -10, 8, -9, 0, 12, 2, 4, -6, 7, -7, 0, -9, 1, -13, -15, 17, -27, 2, -6, -16, -18, 5, 14, -31, -9, 13};
weights_conv[15] = {-7, 12, 14, 0, 2, -9, 19, 19, -6, -12, -19, -2, -3, 7, -9, -24, 0, 7, 2, 2, 26, 4, 14, 28, -31, -23, -13, -4, 4, -8, 7, -10, 13, 10, 12, -11, 4, -8, -8, 0, 12, 2, -7, -6, -25, -5, -9, -6, -28, -31, -11, 0, -2, -7, -2, -16, 7, -10, 0, 15, 24, -17, 2, 4, -1, -7, -8, 1, -3, -28, 20, -7, 9, -15};
weights_conv[16] = {38, -37, -24, 0, -5, 1, 11, 24, 17, -4, -27, 35, 27, 10, -3, -28, 0, 22, 34, -17, -5, -11, 21, -1, 16, 5, 18, -2, -100, 2, 17, 3, -5, -9, 12, 120, -3, 39, -1, 0, 31, 10, 14, -27, -15, 19, -13, 58, -3, -2, -29, 0, -14, 1, 14, 3, 11, 26, 0, -2, 6, -39, 8, -3, -1, -3, 29, -2, -20, -36, -25, -89, 4, -16};
weights_conv[17] = {-24, 17, -45, 0, -16, -80, 8, -5, -1, 1, -9, -37, -7, 4, -56, -12, 0, -16, -20, 17, 6, 22, 18, 3, -5, -22, -2, -41, 34, -53, 27, -5, 2, -5, 18, 37, 12, -36, -7, 0, 0, 3, 48, -1, -15, -31, 9, -1, 9, 10, 15, 0, 15, 0, 12, 21, -13, 42, 0, -4, 16, 12, 8, 5, 7, -16, -51, -6, -3, -37, -7, -12, 27, -7};
weights_conv[18] = {6, 17, -5, 0, 0, -13, -10, -3, -4, -16, -24, -14, 1, -10, -2, -24, 0, 5, 13, 18, -2, 0, -31, 3, 23, 19, -14, 2, 15, -2, 0, -6, 5, -17, -3, 7, -7, -7, -1, 0, 1, 1, -18, 15, -11, -19, 13, -7, 13, 18, 11, 0, -15, 12, -8, -14, -10, 4, 0, 13, 0, 15, 20, 17, -26, 2, -13, -16, -2, 2, -20, 12, 8, 5};
weights_conv[19] = {28, 4, 3, 0, 16, -7, 64, -11, -4, 13, -28, -3, -10, 12, -20, -33, 0, 3, 19, 21, -1, 3, 19, -15, -23, 12, 9, 14, 6, 12, 18, 20, -3, -6, 3, -24, -34, -14, -10, 0, -18, -7, -15, 3, -16, 17, -37, -3, 4, -11, 7, 0, 7, -15, 15, -10, 25, -29, 0, 12, 7, 1, 12, 28, -7, 10, 47, -4, 19, -32, 17, 15, -2, -32};
weights_conv[20] = {12, 35, 0, 0, -21, -4, 4, 8, 27, -2, 3, 0, 7, -47, 15, 1, 0, -32, 4, -23, -6, -13, 19, 0, 55, 16, -17, -20, 4, 10, 3, 4, -49, -18, 12, 4, 4, 9, 14, 0, -21, 5, 19, 8, 15, -5, -34, 1, 20, -25, -15, 0, 24, -3, -21, -26, 19, 22, 0, 0, -37, 21, -11, 17, -3, 31, -10, -4, 14, -7, 14, -9, 14, 14};
weights_conv[21] = {-3, 15, -19, 0, -22, -131, -2, 3, 18, -13, 12, -64, -7, -16, -13, 25, 0, 8, 9, 49, 14, 1, 20, -6, -7, 8, -8, -44, 44, -28, -9, -30, -12, 4, 1, 24, -38, -52, -10, 0, 0, 4, 2, -14, -43, -20, -9, 11, -13, -9, 43, 0, 12, 11, -9, -10, 6, 24, 0, -10, 42, 25, -18, 6, -41, -34, -62, -7, -9, 9, -13, -3, 11, 20};
weights_conv[22] = {5, -2, -26, 0, -22, -16, 7, -2, 9, 0, -7, -4, 13, -15, -7, 16, 0, 6, 15, 21, 5, -23, 3, 9, 18, -21, 1, -13, 11, -27, -17, -27, 19, 6, 0, 7, 1, -15, 8, 0, -18, 8, 6, 3, 4, 8, -29, -6, -17, -19, 15, 0, -2, 19, -5, 19, -7, 4, 0, -3, -12, 12, -15, 7, -14, 4, -1, -24, -19, -6, -7, -17, 26, 9};
weights_conv[23] = {-38, -26, 5, 0, -4, -15, 4, -3, -11, -7, 2, 15, 10, 9, -13, -11, 0, -12, 3, 26, 1, 4, -21, 5, -14, -12, 12, 11, 19, -18, 6, -2, -10, -4, 13, 39, -6, 19, -16, 0, 11, 7, 16, 17, 3, -9, 17, 6, 0, 4, 11, 0, 2, -7, 6, -4, 8, -3, 0, -14, 0, 2, -23, -2, -10, 17, 0, -4, 3, 0, -20, 16, -3, 5};
weights_conv[24] = {22, -85, 29, 0, 20, 7, -3, -17, 10, -3, -5, -5, -19, -29, 12, -3, 0, -51, 26, 19, 1, -3, 3, -6, -4, -1, 12, -8, -1, 15, 2, 9, -16, -5, -11, 6, 5, -9, -8, 0, -29, -3, 30, -19, 9, 7, -2, 41, 3, -7, 15, 0, 21, 22, 3, 3, 4, -16, 0, -18, -11, -8, 20, 1, 4, -8, -31, -3, 11, -15, 2, -2, 2, 0};
weights_conv[25] = {-19, -22, -8, 0, -17, -22, 9, 11, 9, -2, -22, 6, 8, -16, 6, -33, 0, -3, 22, 6, 14, -29, -13, -4, 33, 36, 8, -7, 12, -17, 2, -6, 5, -15, -23, 26, -3, -2, 21, 0, -16, -1, -14, 12, -7, -6, -16, 10, 3, 0, -6, 0, -24, 10, -16, -9, -16, 22, 0, 2, -19, -6, 12, -16, -21, -7, 1, 10, -5, -22, 2, -2, 9, -4};
weights_conv[26] = {0, -48, -10, 0, -10, 19, -20, -4, -1, 23, 13, 7, 16, 4, 4, -11, 0, 0, 19, 0, 6, 23, 11, -23, 3, -4, -35, 22, 26, 6, 8, 0, 23, -5, -21, 12, 7, -5, 1, 0, -14, -6, -16, 11, -12, -6, 5, -12, 9, -4, 4, 0, -15, -21, -1, 6, -21, -7, 0, 7, 0, 16, -21, 24, 23, -31, 17, 19, 2, 4, -14, 21, 7, 2};
weights_conv[27] = {-5, -39, 1, 0, -3, 4, 2, 11, -1, -10, -9, 3, 1, -2, 6, -4, 0, 1, -5, 8, 0, 14, -3, 8, 9, -5, -1, -9, -17, -1, 4, 10, 7, 5, 11, 20, -5, 9, 1, 0, 29, 2, -3, -2, 7, -13, 23, 30, -9, 7, -7, 0, 3, 0, -1, 5, -3, 10, 0, 17, 16, -8, 7, -5, -1, 8, -2, -18, 11, -2, -18, -7, -23, -7};
weights_conv[28] = {20, 23, 7, 0, -17, -6, -13, 29, -12, -1, -18, 4, 23, -28, 28, 4, 0, 21, -8, -3, 8, 12, -12, 9, -20, -1, -8, -10, 9, -19, -8, -13, -25, 8, 11, 24, 12, 2, 10, 0, -1, -4, 10, 3, 4, -12, -14, -3, -15, 9, -19, 0, 17, -13, -5, 17, 2, 9, 0, -27, 18, 3, -25, 0, 14, -24, -10, 1, -19, -1, 3, -9, -10, 11};
weights_conv[29] = {9, -19, 10, 0, -1, -2, -5, 26, -29, -44, -11, 1, 5, -13, -4, -20, 0, 28, -18, -8, 11, 28, 18, 15, 12, -29, -9, -36, -3, 0, -9, -4, 36, 3, 5, 34, 1, -18, -9, 0, 15, 5, -5, -9, 2, -15, 14, -14, -29, -8, -37, 0, -12, 7, -9, 3, 11, 10, 0, 10, 0, -11, 0, 3, -26, 11, 11, 37, 1, -29, 4, -25, 11, 16};
weights_conv[30] = {15, -15, 8, 0, 7, -8, 23, 12, -10, -21, -20, 5, -8, 11, -12, -14, 0, -4, -10, 3, 8, 9, -2, 43, -20, -13, -6, -2, -34, -14, 3, 12, 8, 1, -2, 28, 18, 0, 5, 0, 23, 0, 3, 3, -5, 16, -9, 16, -25, 1, -8, 0, -2, 3, 5, 2, 13, 8, 0, 2, 18, -15, 5, -16, -15, -7, -13, -6, -9, -27, -5, -14, -14, -25};
weights_conv[31] = {-12, -19, 14, 0, 9, 3, -6, 7, 12, 20, -13, -1, -8, -14, 13, -10, 0, 1, -6, -16, 3, 28, -4, 1, 20, -3, -5, 1, -21, 11, 5, -7, 24, -1, 12, 25, -15, -8, -5, 0, 7, -2, -1, -7, 6, 4, -10, 2, 17, -2, -19, 0, -2, 20, 11, -12, -6, -6, 0, 3, 10, -4, 15, -11, 12, -6, 19, 13, -9, -33, -9, -24, 6, 11};
weights_conv[32] = {-28, -19, 4, 0, -5, 4, 3, 4, -17, -7, -4, 1, -14, 6, 0, -9, 0, -7, 5, -10, -4, -4, -14, -4, 11, -9, 3, 3, -13, -9, -6, -6, 0, -7, 3, 9, -2, 13, 5, 0, 0, 7, 6, -5, 8, 9, -17, -3, -2, 1, -10, 0, -10, 1, -7, -1, 14, -4, 0, -16, -6, -2, 1, -4, -10, -4, 0, -9, -13, -18, -10, -13, -1, -16};
weights_conv[33] = {-4, -24, -6, 0, -14, 5, 15, -11, -1, 1, 5, 3, 2, -7, -25, 3, 0, -18, -6, 7, -5, 2, 7, 31, -11, 7, -4, -1, 2, 13, -11, -12, -11, 18, 8, 9, -7, 5, -5, 0, 21, 2, 2, 14, -4, 9, -1, -6, -12, -8, -11, 0, -34, 18, 1, 1, 0, -2, 0, -12, -4, 1, -20, -35, 9, -20, 0, 9, -17, -7, 14, -6, 18, -14};
weights_conv[34] = {-5, -28, -6, 0, 0, 4, -3, 22, 4, -2, -8, -3, -4, 2, 25, 1, 0, -5, 0, -29, -9, 1, 6, -13, 13, 2, 9, -46, -20, 0, -9, -3, 13, 7, -15, 15, -7, 11, 7, 0, 17, -1, -28, -13, 12, -9, 0, -17, -7, -3, -62, 0, -5, 21, -23, 0, -3, 2, 0, -3, -3, -28, -10, 8, -15, -15, -4, 47, -29, -39, -18, -22, -9, 1};
weights_conv[35] = {-13, -6, 15, 0, 27, 8, 11, -9, 9, -4, 8, -4, 6, 7, -9, -1, 0, 0, -1, 18, 0, 15, -14, -2, -13, -9, 1, 18, 16, 2, 5, 6, -3, 13, -1, -4, -5, -7, -11, 0, 16, 6, -2, -6, -21, 8, 0, 2, -5, 9, 10, 0, 20, 13, 2, -3, -15, -21, 0, -20, 11, 6, 3, 0, 16, -8, 7, 0, 6, 16, -13, 18, 7, -6};
weights_conv[36] = {-6, 17, -4, 0, -7, -30, 18, -24, 0, 11, 15, -6, -1, -11, -8, 15, 0, 3, 29, 5, 4, -11, 7, -15, -9, -3, -9, -12, 11, -13, -10, -3, 13, -8, -6, 14, -16, -27, 3, 0, -6, 6, -9, -7, -15, -4, -3, -8, -7, -16, 4, 0, 6, 2, -8, 13, 6, -12, 0, 4, -1, 10, 3, 1, -21, -5, -12, -10, -28, -4, -1, -3, -2, -8};
weights_conv[37] = {5, 2, -5, 0, -10, 9, -8, -12, 14, -1, 9, -3, 7, -8, -8, 7, 0, -17, -6, 2, 2, -10, 8, -10, -21, 2, 6, 9, 22, 25, 5, 4, 2, 3, 2, -1, -5, -8, -15, 0, -3, 24, 0, 0, -11, -2, 6, -8, -1, 6, -4, 0, -15, 5, 6, -2, 1, -3, 0, 7, -8, 13, -26, -22, -16, 1, -6, -12, -5, -11, 8, 9, 9, -4};
weights_conv[38] = {-4, -8, -3, 0, 10, 3, 25, 5, 23, 24, -5, 13, 17, -1, 14, -8, 0, 1, 5, 3, -7, -5, -22, 8, -4, -6, 15, 29, 4, 9, 10, 11, 14, 4, -14, 9, 0, 30, -13, 0, 15, 7, -4, 8, 5, 40, -17, 14, -16, -10, 8, 0, 13, -23, 15, -5, -1, -3, 0, -18, 24, -7, -1, 12, 8, 7, 8, 4, 0, -9, 23, 3, -2, -10};
weights_conv[39] = {15, -56, -13, 0, -24, 12, -6, 0, -11, -23, -13, -8, 2, -3, -10, -8, 0, 2, -19, -24, 14, 32, 27, 31, -29, -15, 3, -10, -8, 9, 1, -13, 8, 2, 7, -2, 6, -2, -11, 0, 9, -4, 4, -13, -9, -1, -1, 0, -41, -19, -19, 0, -7, -14, -2, 9, 8, 7, 0, 1, 2, -4, -5, 6, -16, 6, 13, -5, -13, -5, 26, -12, -8, -3};
weights_conv[40] = {-4, -39, -16, 0, 15, 2, 0, -18, -42, -15, -27, 18, -9, -1, -22, -8, 0, -7, -13, 1, -17, 24, -16, 29, -6, -13, 34, 3, 15, 11, -7, -6, -7, -4, 8, 14, -3, 13, -25, 0, 20, 1, -18, 6, -8, 16, -9, -2, -24, -12, -4, 0, 30, -5, 3, 6, -14, -13, 0, 13, -5, 4, -1, 10, -6, 21, 9, 25, 8, -15, -6, -9, 7, 6};
weights_conv[41] = {2, -21, 0, 0, -8, 1, 2, -6, -11, -8, 2, -2, 7, 8, -5, 18, 0, -14, -3, 9, -9, -3, 2, -3, 10, -6, 2, -6, -3, -2, -1, 4, -10, -3, -10, 7, 0, 3, 0, 0, 7, -1, 2, 7, 9, -5, -3, -3, -9, -5, -10, 0, 2, 4, -5, 10, 7, 9, 0, 5, -10, -1, 13, -1, 6, 6, -4, -32, -5, 0, -3, -7, -6, 18};
weights_conv[42] = {0, 0, 0, 0, 0, 0, 0, 0, 0, 0, 0, 0, 0, 0, 0, 0, 0, 0, 0, 0, 0, 0, 0, 0, 0, 0, 0, 0, 0, 0, 0, 0, 0, 0, 0, 0, 0, 0, 0, 0, 0, 0, 0, 0, 0, 0, 0, 0, 0, 0, 0, 0, 0, 0, 0, 0, 0, 0, 0, 0, 0, 0, 0, 0, 0, 0, 0, 0, 0, 0, 0, 0, 0, 0};
weights_conv[43] = {4, 39, -23, 0, -10, -4, -4, 1, 9, 9, 19, -4, 13, -8, 14, 3, 0, -3, -3, 12, -10, 1, 23, 14, -15, 4, -1, -4, -9, 25, 8, 5, -15, -8, -3, -13, 9, -2, 18, 0, -15, 8, -8, 11, 2, 0, -21, 30, 10, -10, 20, 0, 16, -5, 2, 0, -3, -8, 0, -7, -2, -4, -10, -1, 8, -4, -15, -9, -19, 13, 7, -24, 10, 5};
weights_conv[44] = {-7, 42, 11, 0, -24, -1, -3, 10, -9, -1, -15, -1, -21, 1, 13, 7, 0, 6, -2, -2, -2, -5, -14, 3, -11, -5, -16, -2, -7, -22, 2, -6, 8, 1, 2, -9, 9, 2, 9, 0, -9, 10, 11, 4, 22, 3, 0, 12, 4, -2, -8, 0, -1, 11, 1, 20, 0, -6, 0, -12, -5, -3, -11, 1, 7, -10, -18, -23, -13, -12, -18, -2, 4, 6};
weights_conv[45] = {-13, 70, -16, 0, -9, 0, 18, -13, 0, -27, 3, -2, 14, -5, 13, 14, 0, 15, -6, -1, 0, 8, 8, -14, 14, -31, 0, -11, 1, 1, -9, 3, -9, -13, 1, -3, 7, -16, 33, 0, -14, 5, 6, 5, 29, -9, -9, 5, -21, -16, -17, 0, 1, 4, -3, 9, 3, -6, 0, 2, -15, -5, -4, 10, 4, 0, 0, -9, -23, -7, 8, -8, 1, 5};
weights_conv[46] = {-1, -3, -5, 0, -10, 5, -3, 9, 11, -2, -19, -3, -15, 1, 5, -16, 0, -3, 9, -13, -14, 10, -16, 6, -2, -1, -18, -12, -19, 6, -13, -6, -17, -6, -2, 5, -14, -1, 6, 0, 16, 1, -8, -8, -7, -5, -16, 8, -6, 2, -9, 0, 7, 19, 4, -12, 2, 8, 0, 8, 5, -3, -2, 11, -6, 8, 2, -13, -5, -6, 5, -26, -6, 1};
weights_conv[47] = {-3, 10, -10, 0, 1, 16, -7, 18, 8, -4, -11, 3, 12, -30, -18, -19, 0, 21, -31, -7, 15, 10, 22, -3, -22, -11, 16, -2, 2, -1, 19, -1, 11, -11, 11, 0, 12, 17, 2, 0, 21, -2, 14, 3, -14, 7, 11, -18, -27, 24, 3, 0, -4, -2, -2, -15, -4, 11, 0, 3, 4, 3, 34, 15, -1, -3, -16, -16, -1, -35, -14, 1, 6, 13};
weights_conv[48] = {6, 13, 0, 0, 10, 0, 34, -16, 11, -9, -28, -5, -22, -15, -3, 12, 0, 20, -11, 4, -2, 19, 2, 9, 2, 9, -4, 5, -13, -6, 14, -1, 19, -10, -3, -9, 9, -10, 2, 0, -2, 6, -21, 4, -1, 1, -26, 7, 1, -5, -1, 0, -29, 2, 2, -18, 21, -26, 0, 11, 18, -6, -17, 27, -14, -7, 8, 0, -6, 7, -1, -7, 1, -36};
weights_conv[49] = {-16, -2, -17, 0, 13, 12, 4, -9, 15, 1, 7, 2, 2, -5, 0, 11, 0, -20, 0, -1, -1, 6, -3, 8, 12, 29, 1, -7, -2, 19, -17, 17, -20, 12, -14, 2, -7, 8, -1, 0, 30, 22, -15, -2, -15, 18, -10, 17, 6, 13, -12, 0, -9, 4, 12, -8, -24, 17, 0, -4, 12, -1, -23, -12, 5, -35, 3, 2, 0, 11, 16, 6, 8, -18};
weights_conv[50] = {-11, -3, -13, 0, 2, -2, -5, 8, 26, 22, 9, 8, 1, -3, 12, -18, 0, -22, 20, -2, 0, -4, -2, -13, 22, 25, -1, 2, 9, -4, -9, -4, -19, 2, 5, 21, -2, -4, 3, 0, -1, -7, -7, 10, -15, 3, -6, -8, 9, -7, -3, 0, 1, 10, 3, -3, 7, 0, 0, 0, -1, -2, 8, -6, -18, 4, 0, 44, -5, -2, 5, 0, 8, -18};
weights_conv[51] = {-4, 26, 3, 0, -9, -2, 13, 15, -8, 5, -11, 8, -21, -11, 2, -18, 0, -10, -4, 9, 20, 3, -7, 27, -18, -26, -9, 17, 8, -22, -9, -9, 0, -18, -2, 12, -2, 6, 12, 0, -21, -10, 7, -1, -4, 3, -14, -16, -7, -3, 8, 0, -5, -5, 3, -6, 21, -8, 0, -1, 20, -4, -9, 0, -10, -6, -11, -3, -6, -14, 26, 5, 1, 11};
weights_conv[52] = {-9, 15, -19, 0, -12, 5, 3, -15, 14, 7, 2, 13, -5, -2, -3, 3, 0, 0, -1, 18, -9, -17, -3, 10, 8, 5, 6, 4, 11, 7, 7, -6, -10, 16, 1, 15, -6, 12, 19, 0, -8, -1, 11, 6, 7, 2, 1, 4, 10, 6, 9, 0, -10, -14, 1, -2, 7, 10, 0, 5, -25, 5, -5, -1, -12, 18, 9, 7, 6, 16, 0, 15, 21, -3};
weights_conv[53] = {0, 0, 0, 0, 0, 0, 0, 0, 0, 0, 0, 0, 0, 0, 0, 0, 0, 0, 0, 0, 0, 0, 0, 0, 0, 0, 0, 0, 0, 0, 0, 0, 0, 0, 0, 0, 0, 0, 0, 0, 0, 0, 0, 0, 0, 0, 0, 0, 0, 0, 0, 0, 0, 0, 0, 0, 0, 0, 0, 0, 0, 0, 0, 0, 0, 0, 0, 0, 0, 0, 0, 0, 0, 0};
weights_conv[54] = {29, -4, 10, 0, -8, 7, -7, -34, 7, -7, -5, 6, 1, -14, 15, 5, 0, 3, -23, 10, -12, -10, -19, -3, 7, -37, 11, 8, 3, -6, 7, 5, -12, 16, 7, -6, 1, 14, 8, 0, 8, 0, 21, 1, 11, 1, 6, -2, -9, 5, 3, 0, 2, -1, 7, 17, 3, 9, 0, -1, 2, -14, -10, 7, 4, 4, -18, -14, 8, -10, 1, -15, 3, 9};
weights_conv[55] = {27, -65, 4, 0, -1, 13, -13, 24, -29, -15, -8, 18, -41, -1, 18, -15, 0, 32, -17, -23, -17, 16, 4, -10, 8, 7, -4, -40, 22, 9, -5, 0, 12, -12, 9, 33, 12, -8, 18, 0, 8, -3, 4, 2, 6, -9, 7, -15, -15, 28, -63, 0, 8, 6, -33, -1, 1, 17, 0, 9, -19, 18, -6, 5, -3, 28, 15, 66, 7, -4, -11, -1, -8, 12};
weights_conv[56] = {0, -27, 2, 0, 5, 0, -11, -2, -9, 5, 1, -6, 8, -12, 3, -12, 0, 10, 7, 1, 3, 12, -6, -14, -2, -12, 4, 4, 0, 8, 9, -9, 3, 10, 6, -19, -6, 4, -19, 0, 7, 2, 19, 4, 13, -1, -10, 6, -5, 10, 3, 0, 1, 3, 4, -3, -8, 11, 0, -2, -7, 4, 21, -6, 19, -1, -22, -4, 0, -23, -17, -3, -3, -3};
weights_conv[57] = {-6, -42, -4, 0, -13, 10, -8, 19, -8, -5, 6, 18, 1, 24, 14, 4, 0, 0, -9, -13, 3, -11, 21, -11, 2, -7, -8, 5, -3, 31, -7, -7, 3, 6, 12, 23, -17, 28, 13, 0, -15, -12, 6, -15, -15, -10, 8, -2, 12, -13, 1, 0, 3, -3, 3, 14, 5, -19, 0, -7, 4, -5, 7, 8, -18, -3, 31, -13, -15, -5, 8, -19, 7, 16};
weights_conv[58] = {10, 9, -10, 0, -22, -6, -1, -3, 4, -7, -5, 8, 26, 10, 16, -2, 0, -22, 6, 18, -1, -22, 16, -1, 33, 8, 1, 9, 15, 3, -6, -8, 19, 0, 3, 18, 5, 6, 35, 0, -15, -7, 6, 15, 27, 3, -16, 0, -5, -18, 3, 0, -6, -8, -6, 13, 34, 15, 0, 8, -2, 16, 4, 7, -29, 22, 4, -16, 0, -2, 0, 15, 14, 13};
weights_conv[59] = {15, 67, -4, 0, -5, -17, 24, 20, -4, -16, 13, 2, 4, 19, 6, 5, 0, 1, 10, 11, 0, 15, 11, -18, 1, -25, 15, -6, 7, 4, -6, -14, -5, 10, 12, 10, -6, 7, -6, 0, 3, 16, 8, -16, -20, -5, 14, 7, -26, -28, -7, 0, -8, 1, -8, -25, 12, 0, 0, 18, 9, -2, 27, 40, 10, 3, 20, -7, 17, -11, 16, 9, 6, 5};
weights_conv[60] = {32, -2, 6, 0, -5, -6, -7, 35, -20, -1, -23, 3, -3, 12, 33, -10, 0, 13, -2, 5, 9, -19, -32, -26, -26, -13, -7, 3, 10, -9, -3, -4, -6, 13, 2, -9, -12, -2, 9, 0, 20, -4, -9, -3, 12, 9, -22, -4, -15, 10, -8, 0, 1, -5, 0, 9, 6, 21, 0, -7, -3, 6, -1, -15, 3, -6, -1, 5, 13, -16, -26, 4, -21, 18};
weights_conv[61] = {-1, -11, -7, 0, 0, -6, -7, 0, 12, 18, -12, 2, 3, 12, -3, -16, 0, 10, -10, 4, -5, 17, 0, -6, -4, 0, -8, 23, -3, -13, -8, -9, -9, -1, -6, -12, -11, -14, -1, 0, -1, 3, 5, 4, 7, 9, 8, -5, 9, 4, 15, 0, 19, 3, 2, 2, 4, -4, 0, 6, 6, 9, -15, -1, 8, 3, -5, 11, 21, -15, 3, -4, 13, -1};
weights_conv[62] = {0, -19, -15, 0, -9, -7, -1, 0, 9, 3, -4, 4, 8, -6, 3, -5, 0, -25, 0, 12, 6, -11, -15, -9, -15, -16, 6, 2, -15, -4, 1, 3, 2, -11, 3, 16, -8, 14, 6, 0, -12, 7, 13, -6, -5, 10, -4, -1, -12, 22, 8, 0, -15, -3, 0, 17, 14, -7, 0, -15, -7, -12, -17, -7, 11, 5, -20, 9, 4, 6, 0, -16, -4, -1};
weights_conv[63] = {8, -63, 2, 0, 4, 3, 5, 0, -2, 0, -5, 5, -2, -5, 3, 16, 0, -30, -11, -5, 3, 25, 7, -6, 3, -5, -8, -12, 0, 6, 8, 4, 0, 0, -7, 15, -5, 4, 0, 0, -3, -3, 0, 3, 7, -6, -12, 27, -12, -5, -10, 0, -4, -4, -3, 12, 4, 8, 0, 7, 4, -1, 22, 0, -1, 17, 8, 10, 7, 2, -2, 2, -1, -4};
weights_conv[64] = {23, 20, 8, 0, 11, -1, 20, 13, 1, -5, 2, 3, 1, -2, -1, -2, 0, -4, 15, 5, -2, 8, 8, -7, -5, 5, 16, 3, 3, 2, -9, -2, -5, 8, 5, 3, 1, 5, 10, 0, 0, 3, 5, 8, -13, 0, 5, -3, 4, -8, -9, 0, 16, 1, 6, 6, 7, -5, 0, -12, 11, -9, -6, -2, 14, -4, 4, -10, 5, 0, 13, -3, -4, -11};
weights_conv[65] = {-7, 24, -5, 0, -7, -4, 0, -15, 14, 6, 11, 1, 1, -20, 13, -2, 0, 39, -15, -22, 14, -9, 12, 9, 37, 3, 16, -17, 8, 6, -25, -14, -18, 4, -7, -40, 10, -22, -2, 0, 19, 6, 1, 1, 18, 2, 8, -13, 11, -7, 2, 0, 11, 5, -1, -4, -10, 27, 0, 10, -10, 4, -4, -3, -3, 8, -3, 10, -8, -3, 1, -3, 0, -4};
weights_conv[66] = {-2, -42, -2, 0, 2, 93, -23, -15, -15, 3, 1, 49, -3, 8, 6, 6, 0, 0, -2, -31, 9, -12, -1, -10, 1, 2, 17, 24, -32, 27, -11, -11, 8, 9, 12, 13, -13, 43, 6, 0, -5, -6, 10, -4, 2, 20, 17, -14, -2, 21, -17, 0, -6, -39, 8, -12, -4, -5, 0, -2, -22, 0, 5, 4, 0, -8, 52, 10, 0, 2, 18, 5, -10, 1};
weights_conv[67] = {-12, -14, -10, 0, -6, 5, 8, 8, -5, -7, -16, 12, 11, 3, -10, -23, 0, 28, 4, 12, 14, -19, 0, 3, 5, -6, -14, 9, -21, -7, -1, 4, 8, 20, -9, -20, 1, -18, 5, 0, 23, 7, 1, -5, -24, 6, 9, -21, -5, -1, 8, 0, -26, -5, -4, 1, 21, 23, 0, 5, 15, 16, 11, -9, -42, 9, 12, 13, 4, -18, 13, -16, 8, -2};
weights_conv[68] = {18, 0, 1, 0, 3, 1, -6, -3, -12, -2, -5, -1, -8, 5, 0, -1, 0, 3, -2, 2, -5, 19, -27, 5, 3, 5, -1, 5, 1, -10, 3, 7, -6, 6, 1, -2, -7, -2, -3, 0, 2, 4, -1, 9, 10, 4, 3, 6, 0, 2, 7, 0, 12, -3, -2, 8, 5, 2, 0, -1, 25, 1, 8, 2, 5, 3, -8, -4, -4, 6, -14, 4, -5, 1};
weights_conv[69] = {-1, -3, -13, 0, -9, -1, -7, -3, -10, -7, -7, 3, -16, 9, -13, -15, 0, -6, -7, 12, 24, 1, 2, 13, 3, 17, 2, 5, 1, -8, -4, -11, -7, 40, 0, -13, -2, 1, 6, 0, -2, 8, -6, -2, -20, 11, 2, -12, 7, -7, 0, 0, -11, 19, 1, 0, -40, 24, 0, 0, 0, 19, -8, -24, 9, -13, -2, 15, 15, -21, -12, 4, 0, 4};
weights_conv[70] = {2, -20, -6, 0, -1, -14, 15, 10, -13, -8, -11, -4, -17, 0, 5, -9, 0, -12, 7, 6, 0, 24, 5, 22, -27, -7, -3, 1, 13, -14, -1, -10, 6, 1, 7, 9, 7, -3, 14, 0, 13, -2, -8, 4, -4, -9, -2, -1, -20, 0, 9, 0, 1, -4, -2, -9, 8, 2, 0, -2, 22, 4, -8, 5, 2, 11, -11, -12, -2, 11, 21, 2, -10, -9};
weights_conv[71] = {4, 22, -19, 0, 3, -5, -2, 3, 18, -4, -22, 0, -11, 0, 5, -1, 0, -67, 6, 18, 3, -5, -1, 5, -10, -8, -11, 28, 14, -13, 3, -1, -16, 15, 5, -10, -7, -3, -1, 0, 12, -3, 1, 20, -13, 23, -36, -20, -6, 0, 26, 0, 4, 2, 6, 1, 11, -8, 0, -13, 4, 20, -2, 1, 4, 6, -3, 25, 7, -10, -11, 4, 21, -10};

Bias (8 bit):
bias_conv = {-688, -529, -537, -1307, 1057, -995, -767, -305, -1643, 1558, -986, 1723, -3377, -2502, -603, -2, -2008, 494, 0, -2474, 403, -1714, -2476, 305, -329, 1103, 916, 1256, -862, 0, -9, -647, 2076, -3527, 1238, 1769, -1575, 1464, 179, 2110, -1793, 701, 306, 42, -2147, -2261, 257, 64, -1682, 1474, -489, -1925, 433, -803, -906, -2767, 577, 2505, -254, -566, -5682, -1634, -483, -1911, -2814, -1893, -1431, -605, 0, -951, -684, 0};
Input range (8 bit):
 [-6, -5, -4, -3, -2, -1, 0, 1, 2]
Output range (8 bit):
 [-163, -136, -109, -82, -54, -27, 0, 27, 54]
