Input scale (32 bit):
 34311572
Input zero point:
 128
Weight scale (32 bit):
 49899088
Weight zero point:
 130
Output scale (32 bit):
 506818432
Output zero point:
 133
M scale (32 bit):
 3378165
Weight (8 bit):
weights_conv[0] = {12, 35, 34, -52, -21, -4, 110, -108, -24, 53, 16, -24, 42, -13, -22, 3, -18, -26, -11, 66, -37, 15, -24, -43, -1, 28, 15, -41, 10, 26, -15, 34, -15, -23, -18, -19, 5, 19, 54, 9, 8, 98, 39, -9, 110, -4, 12, 3, 62, -18, 10, 14, -27, -18, -12, -67, 3, 46, -5, -68, -20, 13, 27, -7, 1, 12, -18, 14, 35, -32, -76, -15};
weights_conv[1] = {23, 11, 7, -87, -21, 8, -63, 93, 49, 45, 2, -100, 4, 1, -12, -8, 25, -20, 9, -6, 2, -1, 41, 28, 3, 15, 11, -85, -90, 34, 1, -1, -7, 70, -14, 102, 11, 2, -38, 34, 5, 36, 28, -8, -8, -20, 5, 72, -12, 8, 5, -1, -46, -8, 1, 40, 16, -76, 9, 83, 16, 8, 14, -9, -9, 29, 0, 104, 23, 0, 13, 15};
weights_conv[2] = {2, 22, 10, -17, -29, -32, 40, 60, -92, -47, 6, -1, 45, -10, -11, -1, -89, -11, -4, -42, -29, 1, -23, -53, 21, -77, 8, 41, 86, -4, -7, -57, -8, -46, 24, -24, 52, 1, 53, 4, -2, -51, 33, 7, -20, 13, -47, 38, 0, 18, 17, 6, 14, -2, 1, 22, 11, 17, 9, -21, -7, 8, 93, -14, -13, -1, -3, 29, 22, 53, -36, -2};
weights_conv[3] = {2, -30, -5, -19, -27, -26, -56, 61, -62, 12, 7, 104, -46, -1, 1, 8, -16, 43, -3, -37, 72, 7, -33, -82, -12, 60, 2, -65, -53, -8, -5, -7, -43, -84, 8, -26, -49, 11, 47, -11, 0, 41, -101, -57, -17, -18, -1, -54, 31, 16, 7, 2, 82, -4, -8, 65, -10, 1, -18, -13, -15, 17, 12, 25, 35, -9, -10, -2, -8, -63, -20, -4};
weights_conv[4] = {6, -16, -60, 12, -10, 18, -68, 63, -36, -18, -1, 65, -6, 0, 1, -8, -108, -19, 5, 3, -38, 2, 53, 21, 8, 4, 7, -68, -17, -129, -5, 15, 15, -26, 23, 15, -63, 9, -47, -15, -4, -30, -10, 7, -5, -19, -3, 44, -19, 16, -19, 1, -43, -7, -7, 51, -2, -9, 24, -56, 30, -6, 87, -84, 13, -9, 2, -31, -38, -31, -16, 0};
weights_conv[5] = {-49, -50, 9, -23, -9, -6, 23, -64, 53, 59, 15, -49, -44, -11, -17, 5, -6, -36, -10, -44, -6, 18, -54, 14, 5, -5, 10, 114, 11, 44, -16, -54, -19, 68, -1, 1, 38, 18, -35, -24, 6, -32, 22, -12, -103, -22, 21, -23, -12, -84, -8, 14, -8, -17, -6, -97, 9, -55, -21, 39, -29, -8, -129, 32, -3, -3, -18, 32, 22, 49, 63, -1};
weights_conv[6] = {-6, 4, -15, 61, 3, 2, 108, 40, 52, -49, 2, -7, -90, -10, -10, -12, 49, 18, -24, -30, -31, 3, -78, 79, 14, 23, 7, 38, 36, -53, -11, -58, 22, 22, 14, 9, -17, 0, -20, -8, -5, -8, -60, 0, -23, -17, 19, -93, -30, -3, 8, 13, 20, -8, -6, 15, 23, 59, 16, -3, 4, 1, -43, 9, -2, 36, -6, -7, 10, -77, 24, 2};
weights_conv[7] = {15, 24, -106, 13, 12, -27, -19, -83, 48, -16, 10, 92, 23, -12, -2, -3, 45, 89, 14, -37, -11, 10, -15, 22, 16, -40, 4, 125, 19, -25, -13, 69, -1, 23, -11, -46, 29, 9, -28, -21, 12, -1, 26, -11, 10, -21, 34, 70, -19, 24, 4, 12, 90, -8, -12, -44, 6, -25, 5, 81, 25, -1, -12, -31, -7, -12, -8, -69, -9, 37, 18, 5};
weights_conv[8] = {-14, -5, 54, 40, 55, 53, -30, -34, 11, -15, -29, -27, 36, 30, 32, 0, 55, -25, 9, 64, 36, -31, 65, -4, -24, -6, -31, -30, -6, 32, 30, 16, 21, 7, -13, 8, -15, -30, 14, 11, -17, -35, 20, 24, 34, 53, -26, -18, -8, 7, -9, -25, -32, 31, 31, -4, -24, 24, -9, -28, -13, -15, -24, 31, -18, -20, 32, -44, -20, 42, 19, 7};

Bias (8 bit):
 {3769, -730, -1421, -1962, -1001, -1250, -1239, -746, -1758};
