Input scale (32 bit):
 34311572
Input zero point:
 128
Weight scale (32 bit):
 44069360
Weight zero point:
 146
Output scale (32 bit):
 407536352
Output zero point:
 166
M scale (32 bit):
 3710317
Weight (8 bit):
weights_conv[0] = {51, 90, 12, 41, -85, -82, 5, 1, -4, 24, 24, 9, -26, -30, -27, 55, 17, -21, 19, -76, -10, 33, -13, 34, -93, 37, 28, 1, 7, 0, 45, 3, 76, -10, -54, -23, 50, 33, -46, -41, -146, 0, 23, -11, 20, -92, 3, -9, 13, 4, -32, 30, -25, -36, -25, 15, -67, -53, 13, 2, 3, -54, 0, 18, 108, -105, -28, -4, -10, -9, -58, 9};

Bias (8 bit):
 {-2665};
