Input scale (32 bit):
 165670576
Input scale temporal normalisation (32 bit):
 22269186 (remember to inverse diff calculation or include change in sing)
Input scale channel normalisation (32 bit):
 22269186048
Input zero point:
 171
Weight scale (32 bit):
 59215432
Weight zero point:
 146
Output scale (32 bit):
 189347072
Output zero point:
 144
M Scales (32 bit):
 51810968
Input quantisation (only for first layer):
F scale (for 32 bits):3479560257
T scale (for 32 bits):111346
Weight (8 bit):
weights_conv[0] = {-7, -27, 8, -13, -15, -7, -3, -25, 18, -45, -17, 16, -8, -14, 0, 9, 0, -3, -1, -5, 0, 6, -26, 35, 0, 7, 10, 31, -14, 10, -7, -14, 8, -29, -1, -2, -14, -33, -20, -4, -14, -14, 0, 6, 27, 0, -11, -6, 0, -9, 0, 36, -3, 5, 24, -3, 2, 0, 4, -18, -7, 9, -9, 5, 0, 17, 0, -21, -2, -15, -4, 16, 18, -11};
weights_conv[1] = {0, 0, 0, 0, 0, 0, 0, 0, 0, 0, 0, 0, 0, 0, 0, 0, 0, 0, 0, 0, 0, 0, 0, 0, 0, 0, 0, 0, 0, 0, 0, 0, 0, 0, 0, 0, 0, 0, 0, 0, 0, 0, 0, 0, 0, 0, 0, 0, 0, 0, 0, 0, 0, 0, 0, 0, 0, 0, 0, 0, 0, 0, 0, 0, 0, 0, 0, 0, 0, 0, 0, 0, 0, 0};
weights_conv[2] = {6, -28, 15, 8, -2, 8, -5, 15, 5, 0, 12, 12, -9, -11, 0, 0, 0, 20, 24, -1, 0, 11, -19, 9, 0, -12, -7, -22, -9, -9, 7, 7, -7, -8, 1, 2, -2, -28, 5, 2, -11, -9, -17, 1, -17, 0, -5, -1, 2, -10, 0, 15, -9, 7, -5, 14, -5, 0, 2, 17, -1, 2, -7, 17, 0, -5, 0, 3, 1, 1, -16, -5, 10, 2};
weights_conv[3] = {0, 0, 0, 0, 0, 0, 0, 0, 0, 0, 0, 0, 0, 0, 0, 0, 0, 0, 0, 0, 0, 0, 0, 0, 0, 0, 0, 0, 0, 0, 0, 0, 0, 0, 0, 0, 0, 0, 0, 0, 0, 0, 0, 0, 0, 0, 0, 0, 0, 0, 0, 0, 0, 0, 0, 0, 0, 0, 0, 0, 0, 0, 0, 0, 0, 0, 0, 0, 0, 0, 0, 0, 0, 0};
weights_conv[4] = {0, 0, 0, 0, 0, 0, 0, 0, 0, 0, 0, 0, 0, 0, 0, 0, 0, 0, 0, 0, 0, 0, 0, 0, 0, 0, 0, 0, 0, 0, 0, 0, 0, 0, 0, 0, 0, 0, 0, 0, 0, 0, 0, 0, 0, 0, 0, 0, 0, 0, 0, 0, 0, 0, 0, 0, 0, 0, 0, 0, 0, 0, 0, 0, 0, 0, 0, 0, 0, 0, 0, 0, 0, 0};
weights_conv[5] = {-1, 101, 2, 13, -2, 12, -20, -44, -8, -2, -14, 7, 10, -19, 0, -14, 0, -23, 27, 4, 0, -9, -13, 27, 0, -1, 5, 42, -3, -5, 22, -29, 19, -3, 3, 10, 18, -10, -5, -3, 12, -1, -8, 16, -4, 0, -7, -6, 18, -9, 0, 17, 20, -12, 1, 25, 15, 0, 9, 13, -16, 4, -21, 34, 0, -9, 0, 9, 2, 19, 17, -16, -27, 42};
weights_conv[6] = {-4, 48, -11, -14, -8, 4, -8, -8, -15, 20, -4, -5, -14, -4, 0, -4, 0, 17, -8, -3, 0, -6, 10, 9, 0, 13, 10, 21, 6, -23, -2, -8, 18, 25, -4, 3, 12, 10, -22, -23, -3, -5, -4, -8, 0, 0, -2, 0, 20, -17, 0, -2, 2, 0, -18, 12, -21, 0, 17, 39, -6, 6, 0, 8, 0, 7, 0, 20, 9, 4, -32, -3, -20, 9};
weights_conv[7] = {2, 62, -1, -4, 29, 19, -39, 24, -7, 0, -45, 13, 3, 0, 0, -3, 0, -4, 23, 8, 0, 3, 18, 6, 0, 50, 46, -26, 13, -1, 10, -11, -3, 24, 6, 19, 53, 39, 0, 2, 13, -19, -11, 13, -6, 0, 41, -4, 1, -4, 0, -14, 9, -12, -1, 4, -24, 0, 27, 47, 54, -28, -2, -5, 0, 9, 0, 15, 35, -18, 2, 9, 29, 5};
weights_conv[8] = {0, -10, 1, -15, -10, 3, -19, 1, -9, -4, 11, -12, 10, -15, 0, -13, 0, -11, -8, 0, 0, 8, 21, 9, 0, -4, 9, -9, 24, -5, 5, 8, 15, 2, 0, -3, 28, 28, 1, 4, 14, -9, 0, -2, -5, 0, 1, -6, -15, -11, 0, -2, 21, 9, -6, -23, 3, 0, 0, -2, -3, 5, 14, -19, 0, 0, 0, 16, -6, 9, -10, 2, 11, -3};
weights_conv[9] = {-2, -7, 2, -4, 1, 6, -2, 7, 4, 17, 14, -4, -3, 1, 0, -7, 0, 11, -15, -16, 0, 0, 5, -10, 0, -5, 9, -17, -3, -3, 3, -9, 18, 1, 0, -1, 4, 8, -2, 2, 5, 6, -10, -1, 5, 0, -12, 7, 8, -8, 0, -3, -3, -2, 5, 3, -10, 0, 3, -14, -1, 0, -8, 7, 0, -13, 0, 32, -4, 12, -1, -4, 12, -3};
weights_conv[10] = {-32, -16, 1, -19, 7, 4, 13, -1, 8, 11, -11, -6, -3, 0, 0, 0, 0, -6, -21, 19, 0, 5, -5, 0, 0, 20, 6, 0, -14, 25, 3, -2, 25, -4, -1, 13, 5, 4, -6, 12, 5, -10, 0, -6, 10, 0, 13, -6, -17, 7, 0, 5, 4, 2, -16, -5, -15, 0, -16, -11, -3, 2, -1, -4, 0, -14, 0, 13, 3, -2, -3, -11, -5, 9};
weights_conv[11] = {14, 15, -5, -13, 8, 1, -9, 1, -5, -8, -1, 7, -7, 4, 0, 22, 0, 26, 3, -3, 0, -7, -18, 5, 0, -8, -6, 0, -1, -9, -2, 8, -11, -18, 0, 14, 6, 1, -7, -2, -12, 7, -20, 7, -10, 0, -1, -12, 15, -16, 0, -4, -1, -4, -9, -15, -8, 0, 0, -9, 21, -2, -9, 27, 0, 9, 0, -10, -4, -3, 3, -13, 8, 8};
weights_conv[12] = {1, -54, -10, -2, 5, 7, 30, 0, -8, -14, 12, -1, 46, -3, 0, 4, 0, 10, -28, -2, 0, 14, -12, -2, 0, -22, -5, 21, -2, -2, 4, 41, -30, -21, -17, -2, 15, -20, 10, 10, -22, 10, -28, -16, -22, 0, 26, 21, 29, -14, 0, 6, -7, -17, 0, 2, 18, 0, 2, 17, 7, -9, -7, 18, 0, 10, 0, -11, 16, 8, 20, 1, 27, 6};
weights_conv[13] = {1, 37, -16, 14, -3, -8, 0, 0, 3, -2, 5, 10, 18, -1, 0, 2, 0, -5, 1, -8, 0, -14, -3, 7, 0, 3, 14, 20, 3, 11, 4, 8, 5, 5, -2, 8, -7, -17, -18, -3, 5, 5, 4, 12, -6, 0, -11, -5, -2, 0, 0, 10, -1, -7, 1, 3, 1, 0, -10, -13, -7, -14, -11, -12, 0, -9, 0, -3, 1, 2, -14, -2, -5, 15};
weights_conv[14] = {-6, -17, 0, 1, 4, 8, -7, 1, 4, -25, -8, -9, 8, 2, 0, -1, 0, 5, 0, 6, 0, 7, -14, 11, 0, 5, 10, 1, -19, 0, 1, 4, 16, -15, 15, 12, -6, -10, -4, -4, 1, 3, 11, -10, 5, 0, 11, -14, 5, -1, 0, -11, -10, -15, 18, 7, -11, 0, 2, -10, 5, 1, 4, 17, 0, -16, 0, -7, 4, -5, 8, 14, 4, 2};
weights_conv[15] = {-58, -30, -10, -3, -16, -16, -4, -13, 9, -5, 13, 14, 38, 3, 0, -18, 0, -8, -3, -27, 0, -15, 6, 4, 0, 7, 1, 16, -7, -7, -9, 10, 3, 3, 5, -12, 15, 12, -8, -11, 4, -2, -18, 10, 14, 0, 11, 14, -4, -8, 0, 13, -3, -2, -7, 3, 17, 0, -11, 12, -18, 16, 2, -2, 0, 10, 0, -4, -21, 8, -11, -2, -9, -2};
weights_conv[16] = {0, -1, -12, 5, -5, 7, 13, -4, -3, 7, -1, -2, -1, 5, 0, -7, 0, 13, 7, -2, 0, 0, 12, -7, 0, 3, -12, -4, 3, 2, -3, 5, 14, 5, -1, 0, -6, 1, -12, 5, -8, 5, -1, -8, 3, 0, 2, 10, 2, 2, 0, -3, -5, 6, -7, 0, 1, 0, 8, 13, 14, 2, -4, -3, 0, 6, 0, -3, 1, 12, 1, 0, 0, 8};
weights_conv[17] = {0, -23, -7, -28, 13, 20, -25, -14, -41, 30, -1, -26, -2, -1, 0, 3, 0, 29, 10, 1, 0, -34, -2, 28, 0, -25, 3, 35, 17, 11, 33, -12, -8, -15, 2, 1, 29, 15, 10, -4, -18, 3, -28, -11, 9, 0, -19, -22, 18, -35, 0, -26, -3, 7, -49, -58, -34, 0, 10, -12, 23, -20, 1, 26, 0, -1, 0, 2, -8, -3, -12, 6, 20, 19};
weights_conv[18] = {12, -47, 4, 15, 1, 3, -13, -14, 5, 8, -8, -1, -7, -12, 0, -27, 0, -4, 1, -20, 0, 3, 7, 26, 0, 17, 17, 32, -11, 10, -2, -11, 5, 8, 14, 12, 1, 3, 12, 3, 4, -15, -11, -7, 4, 0, -4, 5, -5, 16, 0, -16, 7, -6, -18, 2, -23, 0, -5, 3, -15, 10, -7, -2, 0, -16, 0, -1, -10, 6, -6, -9, -9, 22};
weights_conv[19] = {1, 10, 8, 3, 8, 4, -8, 6, -14, 14, -5, 0, 4, 4, 0, -6, 0, 9, 4, -4, 0, 6, -9, 1, 0, -12, -10, -11, 6, -4, 4, -5, -11, -5, -5, 10, 2, -3, 2, -2, -3, 2, -3, 2, 4, 0, 0, -1, 13, -9, 0, -6, -11, 2, 1, -4, -1, 0, 2, -3, 24, -14, -9, 27, 0, -1, 0, 3, 19, -6, 8, -3, 4, 1};
weights_conv[20] = {7, -19, -2, -15, -2, -5, -15, -10, 10, -29, -14, -13, 8, -9, 0, 8, 0, 13, 7, 3, 0, 13, -24, 20, 0, -15, -32, -14, -31, 13, 4, 4, 13, -17, 12, 14, -6, -8, 8, 1, 0, 21, -10, -3, -4, 0, 18, -6, 19, -12, 0, -4, -9, -14, 16, 16, -15, 0, 10, -8, -12, -10, 10, 31, 0, -24, 0, -19, -15, -13, -4, 29, 16, 5};
weights_conv[21] = {1, -27, -8, -15, -9, -3, 14, -10, 1, 2, -3, -8, -6, -2, 0, -8, 0, -10, -11, 8, 0, 1, -8, -2, 0, -2, -9, -7, 13, 6, -6, -1, -11, -12, 10, -18, 9, -4, 4, 0, 18, -20, -6, 4, 21, 0, -2, -9, -10, -11, 0, 19, 8, 7, 0, -7, -6, 0, -7, 11, -12, -8, -4, -28, 0, 8, 0, -8, 7, -10, 7, 6, -7, 2};
weights_conv[22] = {48, -53, -2, 15, 3, -4, -16, 4, -21, 0, 5, -20, -6, 9, 0, -9, 0, 27, -5, -42, 0, -4, -5, -1, 0, -5, 5, 22, -13, -2, -3, -14, 4, 3, -7, -7, 8, 8, -13, 12, -5, -13, 0, 6, 5, 0, -8, 9, -4, -2, 0, -1, -13, -10, -18, -6, -17, 0, -8, 13, -21, 2, -22, -10, 0, 3, 0, 10, -19, -9, -33, -20, -15, 12};
weights_conv[23] = {-4, 37, 2, -30, -24, -8, -27, 9, 5, -12, 0, 15, 23, 1, 0, 12, 0, 23, 3, 16, 0, -9, -27, 24, 0, -10, 26, -9, -15, 34, 11, 11, 4, -30, -4, 7, 10, -7, -3, -5, -24, 3, -15, 4, -25, 0, 12, -10, -3, 3, 0, -14, -12, 23, 5, -19, 6, 0, -5, 11, 8, -27, 12, 35, 0, -9, 0, -18, 21, 37, -18, 6, 19, 3};
weights_conv[24] = {-2, -31, -6, -5, 2, 41, -5, 11, 3, 4, -24, -7, 4, -22, 0, 16, 0, -7, 38, -21, 0, -11, -3, -5, 0, 15, 11, -6, 15, 1, 29, -6, -16, -18, -3, 8, 7, -1, -20, 43, 3, -24, -3, 16, 14, 0, 32, 38, 4, 47, 0, -1, 8, 3, -13, -2, -19, 0, 29, 18, -16, -28, 6, 10, 0, -17, 0, -32, 7, -10, -17, -6, -6, 20};
weights_conv[25] = {-1, 8, 7, -9, -5, -2, -7, -8, -11, 1, 3, 8, -17, -16, 0, 12, 0, 12, -24, 15, 0, 13, -2, 13, 0, 29, -1, 31, -5, 14, -10, -12, 15, -12, 6, 28, -11, -2, -17, -6, 1, 9, 8, -3, 34, 0, -2, -28, 4, 3, 0, 6, -1, 3, 0, 14, -11, 0, -6, -2, 6, -4, -7, -2, 0, -34, 0, -8, -5, 3, 15, 17, 1, 3};
weights_conv[26] = {31, -37, 0, 22, 5, -3, -12, -6, -6, 15, -2, 6, 2, 5, 0, -2, 0, 12, 7, 13, 0, 4, -12, 6, 0, -5, -6, -5, -5, -1, -4, -6, 18, -1, -1, -2, 1, 8, -10, 10, 3, 11, 9, -3, -10, 0, 10, -32, -15, 13, 0, -10, -8, -3, -2, 0, 4, 0, -6, -3, -2, 1, -12, 0, 0, 1, 0, -5, -1, 2, 7, -2, -13, -31};
weights_conv[27] = {-1, -15, 33, 13, -5, -1, 30, -5, -25, 16, 14, -7, 7, 8, 0, 10, 0, -2, 29, 14, 0, 15, 11, -27, 0, -16, 19, -14, 27, -41, -4, -1, -35, 9, -7, 6, 5, -46, 49, 10, 18, -30, -10, 0, 13, 0, -21, 42, -5, 5, 0, 11, 5, -2, 10, 7, 3, 0, -1, 0, 2, -20, 33, 18, 0, -7, 0, 7, 2, 2, -2, 3, 12, 10};
weights_conv[28] = {0, -2, 9, 3, -4, 6, -4, 7, 24, -9, -11, -5, 25, -29, 0, -15, 0, -7, -20, 2, 0, 4, -21, 1, 0, -1, -16, 1, -30, 9, -6, -1, -2, -11, 1, 5, 18, 10, 19, 4, -12, -9, 0, -3, -8, 0, 15, 7, 5, 3, 0, -8, -3, 9, 19, 5, 12, 0, -4, -1, 1, 8, -9, -20, 0, -16, 0, 5, 1, 2, -8, 1, 5, -2};
weights_conv[29] = {-40, -84, -11, 8, -26, 4, -4, -12, -28, -6, 0, -21, 2, 3, 0, -24, 0, 19, -19, -13, 0, 7, 29, 11, 0, 5, 13, -11, 9, -9, 3, 22, 24, 23, 8, 7, 25, 12, 7, -34, -1, 0, 12, -5, 6, 0, -13, -25, 4, 6, 0, -11, -7, -9, 2, 1, -10, 0, 8, -20, -6, 15, -8, -21, 0, 25, 0, 1, -32, -23, 18, -13, -35, -22};
weights_conv[30] = {0, -2, 1, -3, 0, 6, 2, -1, -16, 6, -7, 2, -10, 1, 0, -2, 0, 12, 0, 1, 0, 3, 4, -13, 0, 15, -2, 4, 10, -7, -2, -1, 27, 5, -2, -1, -4, -3, -17, -3, -2, 2, 7, -7, -1, 0, -3, -12, 16, -4, 0, -5, -1, 8, -13, -4, -2, 0, 16, 7, 17, -3, 4, -3, 0, 2, 0, 8, 1, -5, 5, -9, -4, 13};
weights_conv[31] = {1, -11, 6, 8, 1, -1, -4, -7, -4, 1, -14, 4, -1, 19, 0, -17, 0, 5, -7, 8, 0, -6, 5, 13, 0, -6, 4, 12, -17, -4, 0, -11, -9, -9, 3, -8, 3, -4, 0, 2, -2, -5, -4, 16, 9, 0, 0, -14, 4, -25, 0, 26, -3, 10, 9, -4, -11, 0, -7, 16, 3, 0, -9, -7, 0, 6, 0, 6, -3, 14, 7, -15, 9, 9};
weights_conv[32] = {0, -15, 3, 6, -8, 11, -10, -3, 37, -24, 8, -1, 25, -21, 0, -12, 0, -31, 11, 22, 0, 4, 17, 7, 0, -42, -19, -6, 48, 45, 1, 9, -14, -37, -2, 48, 15, -35, 17, -6, -10, 18, -16, 19, -11, 0, 52, 24, 20, 41, 0, -6, 5, -11, -2, -6, 0, 0, -21, -15, -4, -5, -5, 1, 0, 2, 0, -7, -24, -36, -43, 11, -2, 9};
weights_conv[33] = {-35, -24, -4, 2, -3, 11, 3, -7, -6, -1, -12, 4, -3, -10, 0, -10, 0, -4, -9, -2, 0, -4, -9, 0, 0, 7, -11, 12, 3, -6, 5, 2, 11, 1, 0, -11, 2, 2, -18, 4, -5, -3, 7, 4, -5, 0, -1, 3, -16, 6, 0, -3, -12, -13, -8, -7, 4, 0, -9, 8, -10, -3, 1, 2, 0, -2, 0, -35, -4, 4, -14, 2, -5, 14};
weights_conv[34] = {-13, -27, -9, -9, 7, -5, -7, 3, 7, -3, 21, -16, -8, 3, 0, -16, 0, -8, -30, 20, 0, 7, -5, 7, 0, 13, 9, 23, -2, 9, -7, 11, 6, 0, -3, 10, -1, 1, -17, 5, -5, 1, -10, -16, 5, 0, 6, 1, -8, 7, 0, 20, -1, -3, -12, 1, 7, 0, -19, 7, -15, -2, -2, 13, 0, -3, 0, 22, -2, -11, -10, -1, -2, 2};
weights_conv[35] = {2, -25, -17, -21, -29, -19, 11, -14, 12, -9, 8, -5, 13, 0, 0, -14, 0, -15, -11, -10, 0, -8, 0, 9, 0, -11, 3, 7, 0, -3, 2, 3, 1, -16, 4, -21, 14, 4, 11, 10, -12, -7, -9, 0, 6, 0, -3, 13, 1, -3, 0, 23, 10, 14, -5, 11, 8, 0, -14, 0, -19, -2, -10, -16, 0, 22, 0, -15, -6, -2, -4, -8, -14, -6};
weights_conv[36] = {0, 44, -11, -6, 3, 5, 8, -8, 3, 1, -5, 2, -2, -5, 0, -4, 0, 21, 13, -8, 0, 4, -1, 2, 0, -19, 3, -14, -15, 8, -4, -2, -17, -33, 3, 18, 3, -4, -7, 2, 3, -1, -14, -8, -3, 0, 0, 4, 8, -26, 0, 5, 7, -11, 5, 16, -4, 0, -3, -6, 13, 0, -8, 25, 0, -1, 0, -5, 3, 4, 6, 4, -4, 5};
weights_conv[37] = {1, -5, -1, 5, -18, -10, -13, -3, -10, -3, 13, -5, 2, -23, 0, 0, 0, -22, 4, 9, 0, -13, -5, 10, 0, -12, 19, -18, -2, -16, 6, 2, -3, -2, -19, 8, 13, 7, -9, 7, 19, -24, -2, -9, -13, 0, -10, -5, -7, -2, 0, -1, 20, 0, -3, 18, -7, 0, 5, 9, -23, -32, -7, -21, 0, 2, 0, 4, 0, 6, -2, 1, -8, -10};
weights_conv[38] = {-3, -51, -28, -9, -15, 21, 2, -28, -4, -18, -6, 20, 9, 3, 0, -9, 0, -5, 1, -15, 0, 6, -7, 35, 0, 1, -31, -4, 6, 1, 11, 5, 27, 6, -1, 14, -13, -5, -9, -7, -11, 15, 13, 2, -8, 0, -27, 8, 12, -10, 0, -9, -17, -16, -1, 1, 6, 0, -24, -12, 9, 3, -3, 15, 0, 7, 0, 4, -20, 13, -29, 18, 11, -28};
weights_conv[39] = {-1, -46, 1, -2, 1, -4, -2, 6, -10, -20, -6, -1, 2, -27, 0, -13, 0, 1, 6, 7, 0, -1, -6, -25, 0, 24, -4, -15, -2, 7, 1, 3, 21, 0, -7, -15, 12, 3, 1, -8, 10, 5, 1, 0, 2, 0, -10, -5, -16, 14, 0, -7, 15, 15, 3, -16, 26, 0, -12, -4, 6, 3, 2, -19, 0, -10, 0, -47, -6, -14, -15, 1, 0, -1};
weights_conv[40] = {-1, -39, -4, 15, -12, 11, -13, -17, -7, -13, 20, -15, -3, 10, 0, -26, 0, 17, -1, 0, 0, 12, 6, -7, 0, -14, -6, -31, -21, 17, 7, -15, 6, -13, -9, 7, -4, -26, 11, 1, -9, 22, -18, 17, -4, 0, -17, 3, 13, 17, 0, 38, -14, -19, 59, -1, -14, 0, -11, -16, -16, -13, -13, 26, 0, -4, 0, -26, -30, 2, 41, -17, 11, -25};
weights_conv[41] = {0, 0, 0, 0, 0, 0, 0, 0, 0, 0, 0, 0, 0, 0, 0, 0, 0, 0, 0, 0, 0, 0, 0, 0, 0, 0, 0, 0, 0, 0, 0, 0, 0, 0, 0, 0, 0, 0, 0, 0, 0, 0, 0, 0, 0, 0, 0, 0, 0, 0, 0, 0, 0, 0, 0, 0, 0, 0, 0, 0, 0, 0, 0, 0, 0, 0, 0, 0, 0, 0, 0, 0, 0, 0};
weights_conv[42] = {5, -29, 16, -18, 50, 3, -11, 8, -36, -16, 14, 3, 18, -3, 0, 10, 0, 29, 8, 19, 0, -19, -7, -10, 0, 13, -1, -27, 16, -16, 8, -2, -17, 7, -5, -32, 9, -28, 4, 4, 36, -49, -17, -15, -48, 0, 19, 1, -3, 21, 0, -11, 37, -1, 15, -35, 3, 0, 21, 4, -5, -38, 6, 39, 0, 47, 0, 21, 48, 16, -15, 13, 1, 7};
weights_conv[43] = {-1, 0, 17, -2, -41, -27, -14, 7, 14, -6, 3, -2, 10, -21, 0, -8, 0, -42, 14, 0, 0, 1, -3, 8, 0, -32, -4, -11, -2, -17, -7, -2, 19, -4, 15, 7, -4, 13, -4, 10, -13, -24, 8, -1, -14, 0, -3, 4, -17, -12, 0, 8, -7, 32, -3, 5, -11, 0, 3, 1, -50, -13, 16, -57, 0, -1, 0, -1, -10, 9, 5, 5, 13, -26};
weights_conv[44] = {-16, -15, 10, -29, -19, -20, -31, 7, -3, 8, -20, 14, 36, -29, 0, 21, 0, 3, -33, -6, 0, -17, -5, 21, 0, 34, 24, 24, 9, 26, 11, -23, 1, -26, 17, 7, 27, 1, -8, -10, 5, -11, 1, -29, 16, 0, 21, -32, -11, 19, 0, -10, 24, 26, -15, -28, -19, 0, -3, 8, -13, -3, 6, -6, 0, -7, 0, 7, 1, -20, -25, 12, -3, 4};
weights_conv[45] = {0, 0, 0, 0, 0, 0, 0, 0, 0, 0, 0, 0, 0, 0, 0, 0, 0, 0, 0, 0, 0, 0, 0, 0, 0, 0, 0, 0, 0, 0, 0, 0, 0, 0, 0, 0, 0, 0, 0, 0, 0, 0, 0, 0, 0, 0, 0, 0, 0, 0, 0, 0, 0, 0, 0, 0, 0, 0, 0, 0, 0, 0, 0, 0, 0, 0, 0, 0, 0, 0, 0, 0, 0, 0};
weights_conv[46] = {0, -4, 34, 14, 22, -4, -22, 24, 51, -59, 16, 29, 17, -38, 0, 6, 0, 17, 5, 21, 0, 1, 5, -8, 0, 9, -4, -19, 15, 8, -7, -19, 11, -3, 17, 25, -5, -18, 17, -3, 15, -3, -43, -30, -16, 0, 11, 17, -11, 60, 0, 34, 2, -24, 15, 44, 10, 0, 22, 7, -2, 18, 0, -19, 0, 21, 0, -21, -46, -39, 0, 36, 7, -16};
weights_conv[47] = {4, -22, 0, 39, 2, -2, -34, 34, -53, -5, 1, -12, 7, -16, 0, 6, 0, -12, 2, 11, 0, 12, 7, 7, 0, -13, 5, -29, 5, -34, -18, -14, 3, 26, -7, 15, -4, 19, 3, -2, 49, -7, 16, -7, -20, 0, 0, -5, -12, 5, 0, 10, -12, -4, -25, 17, 6, 0, 6, -3, -21, 10, 9, -11, 0, 31, 0, 2, -1, -7, 4, -5, 3, -9};
weights_conv[48] = {0, 62, -1, 6, -5, -3, -2, 7, 9, -4, 10, 6, 2, -17, 0, 6, 0, -7, -18, 17, 0, -29, -3, 27, 0, 0, -9, 28, -14, 35, -12, 3, -5, -22, 4, 6, -11, -13, -35, 0, -8, -9, 10, 10, 3, 0, 35, -24, 9, -7, 0, -1, -3, 6, 15, 3, 3, 0, -15, 10, -11, -18, -5, 1, 0, -20, 0, 16, -1, 4, -37, -11, -10, 15};
weights_conv[49] = {1, -15, -40, 0, 24, 21, 14, -1, -11, -2, -19, -2, -22, -2, 0, -15, 0, 23, 6, -3, 0, 5, -26, 7, 0, -1, -4, -18, 8, 3, 0, -5, -13, -12, -6, 2, 0, 10, 11, -3, 9, -3, -3, 29, 10, 0, -8, -10, 9, -4, 0, -6, -7, -11, -12, 8, -10, 0, -4, 4, 21, -1, -10, 14, 0, 17, 0, -14, 5, 8, 7, 6, 25, 1};
weights_conv[50] = {0, 0, 0, 0, 0, 0, 0, 0, 0, 0, 0, 0, 0, 0, 0, 0, 0, 0, 0, 0, 0, 0, 0, 0, 0, 0, 0, 0, 0, 0, 0, 0, 0, 0, 0, 0, 0, 0, 0, 0, 0, 0, 0, 0, 0, 0, 0, 0, 0, 0, 0, 0, 0, 0, 0, 0, 0, 0, 0, 0, 0, 0, 0, 0, 0, 0, 0, 0, 0, 0, 0, 0, 0, 0};
weights_conv[51] = {-31, -48, 40, 8, 10, 35, 3, -13, -18, 2, -7, 7, 35, 24, 0, -3, 0, 3, 37, -4, 0, -8, 3, -3, 0, -8, 18, -1, 11, -29, 8, -24, -6, 14, 5, -1, 46, -13, 19, -33, 1, -3, -35, 26, -5, 0, 0, -9, 10, -13, 0, 11, -38, -16, -42, 14, 17, 0, -8, 29, 26, 1, -7, 38, 0, -28, 0, 33, -29, 10, 28, 6, 12, -4};
weights_conv[52] = {-1, -15, -12, 31, 17, 11, -19, 4, 7, -17, 11, 11, -5, -13, 0, -30, 0, 18, -15, 46, 0, 20, -6, -14, 0, 8, -33, -16, -19, 40, 22, -7, -8, -27, 7, 17, 14, -6, 22, -12, 9, 10, -14, 14, 1, 0, 24, 29, 7, 36, 0, 28, 2, 5, 20, 1, -5, 0, -26, -11, 1, -19, -3, 3, 0, 27, 0, -20, -20, -13, -2, 44, -7, -19};
weights_conv[53] = {-1, -27, -4, 1, -2, -6, 6, 1, 4, -1, 21, -9, -7, -8, 0, -4, 0, -11, -22, -9, 0, 13, -1, -7, 0, -2, -2, -6, 7, -10, -1, -2, 13, -4, -4, -3, -1, -3, -2, -4, -3, -6, 1, 6, -2, 0, -4, 12, -8, 4, 0, -2, -6, 1, 2, 2, -9, 0, -5, -3, 5, 0, -3, -9, 0, 1, 0, -9, -2, -6, 2, 2, -7, -3};
weights_conv[54] = {0, -8, -3, 17, -9, -12, 11, 4, -22, 10, -9, 25, -22, 65, 0, -9, 0, -4, -14, 20, 0, -14, 20, 0, 0, -3, -8, 7, -14, 25, 4, 8, -14, -24, 1, -47, -34, -22, 1, 22, -10, -13, -5, 10, 8, 0, -7, -16, -5, -17, 0, 1, -1, 0, -8, -6, -31, 0, -5, -1, -25, 15, -18, -25, 0, 14, 0, 4, -19, 37, 13, -11, 3, -8};
weights_conv[55] = {-2, -2, -6, 10, -4, -5, -4, -6, -5, 3, -9, -7, -5, 10, 0, -2, 0, 4, 11, 0, 0, -6, 2, -8, 0, 13, -12, -9, 8, -6, -5, -1, 9, 4, -2, -2, 3, 7, -13, 6, 1, -4, 1, 2, 1, 0, 4, 7, 16, 7, 0, 5, 4, 1, 5, -3, 0, 0, 18, 5, -1, 1, -3, 10, 0, 8, 0, 9, 10, -7, -4, -7, -9, 15};
weights_conv[56] = {0, 0, 0, 0, 0, 0, 0, 0, 0, 0, 0, 0, 0, 0, 0, 0, 0, 0, 0, 0, 0, 0, 0, 0, 0, 0, 0, 0, 0, 0, 0, 0, 0, 0, 0, 0, 0, 0, 0, 0, 0, 0, 0, 0, 0, 0, 0, 0, 0, 0, 0, 0, 0, 0, 0, 0, 0, 0, 0, 0, 0, 0, 0, 0, 0, 0, 0, 0, 0, 0, 0, 0, 0, 0};
weights_conv[57] = {0, 0, 0, 0, 0, 0, 0, 0, 0, 0, 0, 0, 0, 0, 0, 0, 0, 0, 0, 0, 0, 0, 0, 0, 0, 0, 0, 0, 0, 0, 0, 0, 0, 0, 0, 0, 0, 0, 0, 0, 0, 0, 0, 0, 0, 0, 0, 0, 0, 0, 0, 0, 0, 0, 0, 0, 0, 0, 0, 0, 0, 0, 0, 0, 0, 0, 0, 0, 0, 0, 0, 0, 0, 0};
weights_conv[58] = {-22, -46, 8, 5, -7, -15, 4, -3, -6, -13, 13, 12, 1, -7, 0, -2, 0, -10, -11, 5, 0, -4, 24, -12, 0, 13, -6, 6, -6, 2, -8, 3, -2, 32, -5, -13, 9, 9, 3, -5, -1, 5, -10, 6, -10, 0, 8, 6, -19, 1, 0, -4, -9, -8, 20, 4, -10, 0, 7, 2, 11, 1, -8, -11, 0, -8, 0, 13, -9, 0, 1, -14, 3, -8};
weights_conv[59] = {-1, -3, -1, -6, -2, 10, 13, -21, 23, 22, -13, 5, -10, 1, 0, -8, 0, 24, 4, -3, 0, -19, 5, -35, 0, 13, 2, -25, 15, -32, -3, -10, 26, 13, -5, 0, 20, 23, -11, 12, -7, -18, -4, -25, -4, 0, -11, -9, 15, -2, 0, 9, 3, 0, -2, 1, -25, 0, 37, -3, 7, 22, 3, -6, 0, -10, 0, 1, -1, 29, 13, -4, 24, 20};
weights_conv[60] = {1, -3, -2, 0, -2, 21, -22, 1, -19, 15, -48, 24, -5, 14, 0, -21, 0, -9, 16, 20, 0, -2, -4, -7, 0, 1, 2, -13, 22, 4, 13, -10, -18, 8, 18, -16, 3, 3, 12, -5, 16, -20, -3, 35, 30, 0, 13, -1, -6, -25, 0, 14, -9, 1, 6, -5, 3, 0, 18, 22, 20, -23, -17, -23, 0, -5, 0, 11, 7, 15, 21, 20, -16, 23};
weights_conv[61] = {-10, 62, -11, 2, -9, -2, -4, -7, -10, 17, 13, -4, 12, -11, 0, 1, 0, -6, -23, 1, 0, -27, -20, 19, 0, -3, 11, 14, -3, 24, 20, 5, 12, 5, 4, 15, 2, -26, -36, -7, 2, 7, -19, -4, -8, 0, 5, -16, 13, -2, 0, 6, -3, -21, -2, 9, 6, 0, -4, 6, -16, -40, -7, 15, 0, -25, 0, 17, -11, -6, -31, 6, -15, -12};
weights_conv[62] = {-10, -13, 5, -11, -6, 6, 10, 3, 2, -2, 15, 3, 21, 9, 0, -20, 0, 28, 14, -13, 0, 2, 2, 7, 0, 10, -17, 0, 5, -1, 4, -3, 0, -9, 5, 11, 0, 7, -3, 4, -6, 12, -17, -5, 5, 0, -7, 16, 13, -1, 0, -8, -8, 0, -8, -11, 5, 0, -2, -3, 15, -4, -4, 22, 0, -17, 0, 23, 14, 13, -2, -3, 17, -7};
weights_conv[63] = {-15, 0, 1, 23, -21, 4, -1, -11, -47, -4, -7, -11, -10, 15, 0, -18, 0, -12, -5, 22, 0, 3, 20, 8, 0, -13, 16, 16, 3, 21, 4, -7, -8, -13, -11, -11, -1, 1, 10, 27, -3, 3, -2, 38, 35, 0, 10, -13, 10, 6, 0, 21, 0, -8, 1, 1, -18, 0, 12, -13, 6, -25, -1, -6, 0, 19, 0, -5, -15, 8, 2, -20, 6, -13};
weights_conv[64] = {-2, -22, -14, 4, -17, 35, 0, -7, 15, 2, 1, -17, -8, -2, 0, -9, 0, 20, 14, -4, 0, 23, 18, -10, 0, 23, -11, -12, 17, -3, 10, 13, 8, 19, 1, -3, 8, -7, -9, 15, -6, -17, 5, -2, 4, 0, 7, 5, 38, 30, 0, 2, 7, 7, -5, -8, -6, 0, 32, -10, 5, -16, 6, 15, 0, 34, 0, -11, 7, -1, -44, -1, 1, 14};
weights_conv[65] = {8, -36, -20, -2, -3, 9, 16, -23, -4, 3, -7, 6, -27, -4, 0, -31, 0, -3, 11, 1, 0, 8, -3, 22, 0, -16, 3, 9, -12, 7, 8, -28, -17, -24, 12, 4, 6, 9, -14, -7, -1, -5, -23, 3, 13, 0, -12, 10, 6, -29, 0, 10, -12, 3, -6, 14, -14, 0, 1, -15, 18, 21, -30, 5, 0, 3, 0, 2, -22, -22, -10, -5, 13, -3};
weights_conv[66] = {0, -71, 6, -25, 2, -8, -13, -9, -25, -2, -10, 1, 2, -25, 0, 4, 0, 24, -2, 2, 0, 15, 5, -16, 0, 18, -8, 2, -3, -3, 6, 7, 31, 23, -9, 14, 5, -3, -40, 14, -1, -26, -8, -6, -4, 0, -12, -24, 36, 17, 0, 7, -14, -4, 4, 6, -17, 0, 44, 18, -14, -8, 0, -1, 0, 8, 0, -26, 5, -37, -13, 0, 8, 10};
weights_conv[67] = {0, -15, 30, 7, -3, -6, 7, -11, -19, 22, -6, 2, 10, -9, 0, 10, 0, -5, -37, 28, 0, 4, 6, -15, 0, -4, 5, 22, 7, 3, 4, -12, -12, -15, -5, -2, 17, 5, -9, 7, 2, -27, 4, -15, 5, 0, 28, 11, -7, -19, 0, 11, -4, -3, 9, 4, 9, 0, 8, 11, 1, -12, -11, -6, 0, -15, 0, -12, 11, -7, 1, 3, -4, 12};
weights_conv[68] = {-4, -21, -12, 17, -9, -3, 9, 0, -11, 31, -33, 6, -19, 38, 0, -2, 0, 14, 18, 15, 0, -8, 10, -6, 0, 6, 13, 2, 28, -7, -12, -1, -14, -25, -3, -15, -10, 17, -39, 11, -32, -18, 3, -8, 27, 0, 23, 14, -23, -9, 0, -8, -25, -8, -11, -5, 6, 0, 25, 55, 20, 19, -3, 14, 0, 6, 0, -1, -11, 28, 11, 19, 13, 21};
weights_conv[69] = {4, -141, 5, -2, -16, 2, 1, 13, 52, -58, 11, 22, 33, -31, 0, -21, 0, 22, -10, -26, 0, -15, 29, -33, 0, 27, -36, 8, -4, -12, 29, -6, 34, 8, -8, 37, -5, -19, 37, -5, -32, 38, -38, -19, 5, 0, -7, 11, 18, 35, 0, 44, 14, 5, 10, 27, -19, 0, -4, 24, -22, -43, 17, 10, 0, 8, 0, 0, -25, -10, 8, 1, 9, -8};
weights_conv[70] = {24, -73, 22, 14, 45, 44, -21, -7, -5, -7, -11, -27, -6, 25, 0, 27, 0, 7, 17, 5, 0, 23, -7, -16, 0, 13, -23, -21, -9, -31, 27, 5, -12, -12, -3, 27, 13, -19, -11, 10, 13, -31, -32, 15, -10, 0, -8, -21, -1, 17, 0, 53, -54, -44, -27, 47, -15, 0, 15, 10, 13, -25, -22, 52, 0, 12, 0, -1, -29, -35, -3, 1, 22, 2};
weights_conv[71] = {0, -22, -3, -43, -6, -5, -13, 8, 20, 3, 3, -17, -16, -3, 0, -6, 0, 35, -5, 7, 0, -20, 1, -30, 0, -5, -4, -14, 10, -15, 6, -15, -8, 9, -50, -11, 15, -16, 15, 7, -4, -21, -26, 9, -22, 0, -11, -26, 6, 0, 0, 13, -6, 35, -4, -94, -23, 0, 12, -2, -3, -24, 33, 23, 0, -14, 0, 6, 4, 5, -14, -2, 13, -4};

Bias (8 bit):
bias_conv = {1452, -580, -2501, -990, -114, -192, -198, -2229, -1628, -1926, 2, -1509, -1038, -227, 0, 0, -1212, 409, 419, -2888, -2327, 0, -927, -679, -166, -2683, 0, -247, 1661, -1465, 0, -657, 1065, -910, 1527, -585, 1404, -229, 613, -1158, -973, -631, -454, 184, -1635, -848, -1409, -1097, -1316, 668, 1440, 47, -1058, -333, 5, -680, -968, -845, -1301, -928, -322, -764, -876, -451, -4019, -1288, -3353, 0, 0, -404, 0, -737};
Input range (8 bit):
 [-6, -5, -4, -3, -2, -1, 0, 1, 2, 3]
Output range (8 bit):
 [-156, -130, -104, -78, -52, -26, 0, 26, 52, 78]
