Input scale (32 bit):
 34296332
Input zero point:
 127
Weight scale (32 bit):
 60909700
Weight zero point:
 132
Output scale (32 bit):
 472190880
Output zero point:
 122
M scale (32 bit):
 4424014
Weight (8 bit):
weights_conv[0] = {-36, 6, 71, -26, 21, 12, -17, 39, -22, -12, -2, 3, 43, 25, -15, -19, -49, -15, 12, -3, 39, 3, -35, 6, -36, 9, 17, 17, 8, -28, -32, -52, -44, 21, -17, -18, -26, -33, 2, 7, 4, 34, 17, 15, 10, -17, 101, -8, -22, -4, -13, 23, -47, -17, -17, -37, 22, 17, 22, 17, -21, 27, 115, -41, 26, -17, 18, -35, 21, 18, -1, 25};
weights_conv[1] = {-6, 19, -35, -30, -18, -11, -18, -22, 2, 47, 11, 16, 8, 4, -61, 7, -15, -37, 4, -5, -46, 1, 41, -28, 6, -48, 27, 86, 7, -31, 71, 3, 18, -13, -38, -11, 15, 5, 17, 5, -12, -6, 7, 9, 6, -62, -27, 53, -14, -12, 11, -29, -52, -13, -8, 17, 6, -20, -48, 37, -11, -53, -32, -11, -12, -33, 10, -70, -46, 36, -28, -54};
weights_conv[2] = {-3, 11, 2, -92, -25, 2, 25, 50, -43, 0, 5, 5, 9, 3, 39, 50, 73, 25, 1, -8, 27, 7, -17, -46, -34, 11, -3, -24, 27, 47, -67, -51, -59, 26, 22, -10, 8, -29, -5, 26, -9, 34, 9, 5, 12, -64, -23, 74, -8, -7, -20, 35, -12, -10, -8, -52, 5, 15, 25, 27, -8, 35, -52, -13, 1, -49, 8, -23, 22, -11, -16, 51};
weights_conv[3] = {18, -9, -57, -45, -9, -1, 43, -25, -6, -10, 6, 23, 19, 11, -69, 27, 17, -7, 5, -6, 91, -39, -32, 44, 24, 44, -34, 22, -2, -28, -48, -24, 66, 16, -65, -2, -23, -51, 17, 19, -20, 16, 7, 0, -2, -29, -21, -29, -6, -11, 11, 1, -16, -4, -5, -2, 9, -20, 38, -18, -6, -20, -24, -82, -80, 26, 10, 33, -3, 5, -10, 29};
weights_conv[4] = {18, -70, -5, -5, 1, -16, 17, 48, 24, -19, 37, -57, -9, 10, 5, -31, -1, -8, 6, 16, -5, 3, -3, -19, -1, 25, 20, 23, -3, -12, 6, 15, -19, -18, 41, 23, 5, 20, -17, -48, 21, -103, -31, -29, -10, -13, -1, -12, 30, 22, 32, -22, 26, 33, 30, 14, -24, -16, 41, -19, 27, 16, 1, -4, 14, 90, -29, 4, -9, 41, 35, -52};
weights_conv[5] = {22, 28, -18, -22, -30, 8, -3, -19, 24, -18, 4, 15, -9, 34, -25, -11, -52, 23, 7, -11, -58, -24, -57, -3, -16, 8, 16, -84, -9, -29, 22, 71, 14, 14, 40, -6, -6, -21, -24, 7, -14, 16, 14, 13, 20, 100, -14, -28, -10, -1, -49, 18, 62, -9, -11, 5, 7, 50, -5, 15, -10, -13, 27, -10, 0, -28, 11, -31, 69, -33, 4, 24};
weights_conv[6] = {0, 25, -32, -31, -25, -14, 97, -21, -25, 23, -2, 17, 58, 6, -40, -14, 32, 28, 0, -25, -23, 6, 39, -46, -9, -76, -104, -16, 15, 1, -31, -21, 18, 2, -7, -3, -28, 27, 13, 1, -3, 28, 1, 3, 4, -14, -13, -2, -7, -9, -24, 1, 39, -7, -3, 34, 11, -24, -23, -58, -7, 10, 7, 27, -31, 26, 3, -3, 48, 10, -4, -6};
weights_conv[7] = {48, 7, 66, 70, 17, 0, 42, -11, -11, 3, 2, 5, -80, 25, 123, 58, -8, -4, 0, 39, -21, 11, 12, 29, 29, -26, 47, -74, -7, 17, 26, -28, 14, -16, -18, -13, -11, 2, 10, 16, 6, 14, 6, 9, -2, -22, -17, 15, -10, -9, -17, -15, -79, -14, -12, -29, 8, 21, -4, 36, -16, -47, -6, 15, 55, -6, 13, -23, 3, -9, -8, -36};
weights_conv[8] = {-2, 11, 34, 86, 6, 10, -10, -12, -19, -23, 2, -1, -51, 13, 35, 67, -23, 71, 1, 15, -22, 7, 1, 98, 28, 31, -56, -5, 11, 32, 8, -59, -4, 40, 30, -6, 20, 20, 25, 33, 8, 6, 4, 8, -4, 15, 1, -21, -10, -5, 22, -2, 27, -11, -11, 23, 10, 14, -20, 50, -8, -54, -37, 33, -58, 5, 3, 25, -2, -44, -31, 34};
weights_conv[9] = {-6, 20, -20, 43, 3, 9, 7, -13, -13, 33, 2, 2, -10, -20, 16, 19, -59, 21, 3, 43, -17, -6, -14, -33, 3, -14, -23, -132, -20, 1, 17, 23, 22, -6, -3, -14, 9, 26, -5, 13, 10, 16, 12, 8, 4, 113, -17, 17, -11, 2, -8, 17, 44, -9, -4, -65, 7, 19, -28, 13, -6, 19, 68, -7, 39, -19, 13, -2, -77, -12, 10, 19};
weights_conv[10] = {-18, 22, 10, 17, 19, 0, -53, -7, 23, -5, -33, 16, 5, -34, -4, -58, 30, -28, -27, -30, 9, 11, 18, 0, -1, 6, 26, 45, -14, 9, 4, 37, -18, -29, -11, 15, 0, 6, 2, -2, -14, 20, -11, -12, -14, 9, 20, -24, 12, 4, 0, -1, -1, 9, 13, 26, -5, -14, -18, -34, 3, 17, -7, 26, 23, -38, -13, 43, -12, -22, -9, -4};

Bias (8 bit):
 {868, -673, -1350, -1719, -438, -842, 4114, -958, -452, -1561, -1668};
