Input scale (32 bit):
 34296332
Input zero point:
 127
Weight scale (32 bit):
 52832260
Weight zero point:
 92
Output scale (32 bit):
 409537504
Output zero point:
 171
M scale (32 bit):
 4424388
Weight (8 bit):
weights_conv[0] = {2, -7, -25, -12, 70, 85, -8, -36, -1, -5, -92, 65, -10, -34, -14, 15, -6, -43, -58, -90, 5, 106, -2, 35, 0, -3, 14, 3, -14, 27, 0, 27, 32, 21, -49, 23, -14, -53, -3, 0, 18, 34, 26, 25, -25, -7, 27, 15, -30, 163, -14, 25, -3, -31, -28, 5, 4, 5, -30, -11, -27, 13, -1, 54, 13, -5, 26, -5, 21, -16, 16, 46};

Bias (8 bit):
 {-4094};
