Input scale (32 bit):
 205508000
Input scale temporal normalisation (32 bit):
 17952336 (remember to inverse diff calculation or include change in sing)
Input scale channel normalisation (32 bit):
 17952337920
Input zero point:
 136
Weight scale (32 bit):
 66405392
Weight zero point:
 178
Output scale (32 bit):
 208547376
Output zero point:
 165
M Scales (32 bit):
 65437600
Input quantisation (only for first layer):
F scale (for 32 bits):2805052611
T scale (for 32 bits):89762
Weight (8 bit):
weights_conv[0] = {1, -22, 0, 4, -2, 9, 6, -5, -13, 0, -3, 0, 19, 0, 1, 0, -8, 3, -8, 6, -8, 0, 5, 0, -3, 0, 0, 0, 7, 14, -11, 0, -10, 12, -8, -11, 0, -9, 1, 2, 0, -4, 10, 0, 0, -10, 2, 0, -6, -6, 0, 0, -1, -4, 0, 0, 0, -4, -8, -2, 0, 0, 1, 0, -1, 13, 0, -1, 2, 1, 14, 0, 12, 0};
weights_conv[1] = {-25, 3, 0, -1, -4, 1, -2, -1, -9, 0, -15, 0, -10, 0, 15, 0, -18, 2, -6, -7, -14, 0, 3, 0, -3, 0, 0, 0, -7, 14, -10, 0, -24, 4, -2, -4, 0, -1, -11, 4, 0, -2, 8, -3, 0, -6, -1, 4, -2, -1, 0, 0, 4, -5, 0, 0, 0, -4, -7, 4, 0, 0, -20, 0, -29, -4, 4, 4, -5, 9, 1, 0, 3, 0};
weights_conv[2] = {-1, -4, 0, -1, -9, 17, 3, 7, 6, 0, -7, 0, -15, 0, 15, 0, -11, -2, 4, -24, -4, 0, -8, 0, -2, 0, 0, 0, -2, 23, -1, 0, -7, -17, -5, -8, 0, -16, -9, 18, 0, -13, -15, 4, 0, -7, -1, -1, -2, 0, 0, 0, 4, -15, 0, 0, 0, -9, -5, -22, 0, 0, 3, 0, -4, -7, -16, -11, 9, 8, -9, 0, 4, 0};
weights_conv[3] = {-5, -8, 0, 0, 0, 4, 16, 3, 7, 0, -4, 0, -2, 0, 11, 0, -9, 0, -3, -24, -6, 0, 10, 0, 3, 0, 0, 0, 31, -21, 5, 0, -3, 2, 14, -3, 0, 10, -4, -9, 0, 8, -7, 1, 0, 9, -1, 6, 5, -5, 0, 0, -1, 17, 0, 0, 0, 5, 42, 6, 0, 0, -3, 0, -13, -1, 12, -16, 45, 31, -3, 0, -1, 0};
weights_conv[4] = {-8, -63, 0, 2, -8, 3, 5, -14, 4, 0, 5, 0, -16, 0, 0, 0, -8, 5, 1, 2, 1, 0, -2, 0, -2, 0, 0, 0, -3, -22, -1, 0, -6, -12, 4, -2, 0, -1, 24, -19, 0, -12, -11, 3, 0, 0, 2, -2, 2, -1, 0, 0, -1, 13, 0, 0, 0, -5, 2, -20, 0, 0, -7, 0, 18, -5, -3, 0, -1, -6, -12, 0, -15, 0};
weights_conv[5] = {-34, -10, 0, 2, -6, 4, 3, 2, -2, 0, 20, 0, 18, 0, 17, 0, 1, 24, 5, -8, 9, 0, 10, 0, 1, 0, 0, 0, -1, 2, 14, 0, 20, -12, -18, 10, 0, 5, -17, 31, 0, -13, -5, 22, 0, -13, 4, -9, -10, -2, 0, 0, 9, -35, 0, 0, 0, 4, -3, -5, 0, 0, 33, 0, 24, 0, 29, 1, 1, 10, 12, 0, -8, 0};
weights_conv[6] = {-34, 11, 0, -1, 5, -3, -16, -8, 0, 0, 17, 0, -19, 0, -10, 0, -3, -12, 3, -32, 4, 0, -16, 0, 2, 0, 0, 0, 0, 32, -3, 0, -4, 0, -12, -2, 0, -2, -18, 16, 0, -7, 6, 1, 0, -8, -1, -14, -4, -1, 0, 0, 7, -44, 0, 0, 0, 0, 1, -25, 0, 0, -5, 0, 9, 1, -3, 9, -17, -14, -3, 0, -1, 0};
weights_conv[7] = {-24, -82, 0, -9, 1, 1, -7, 0, -12, 0, -10, 0, -3, 0, 0, 0, 13, 12, -7, -28, 0, 0, 5, 0, -4, 0, 0, 0, 6, -3, -9, 0, 2, -5, 4, -20, 0, 0, -11, 8, 0, 8, 5, 6, 0, -9, -4, -7, -3, -12, 0, 0, 2, -2, 0, 0, 0, 3, -5, -35, 0, 0, 13, 0, 5, 11, -52, -8, -9, -8, 23, 0, 12, 0};
weights_conv[8] = {-11, -49, 0, 0, 11, 1, 11, -6, 1, 0, -6, 0, 12, 0, 2, 0, 9, -1, 4, 12, 6, 0, -8, 0, -6, 0, 0, 0, 1, 4, 2, 0, 1, 21, -17, 4, 0, -2, 0, -4, 0, -19, 7, -3, 0, -12, 3, 9, -10, -2, 0, 0, 0, 3, 0, 0, 0, -12, 7, -6, 0, 0, 7, 0, 17, 10, -3, 8, 2, 17, -1, 0, -12, 0};
weights_conv[9] = {19, -22, 0, 1, -1, 15, 1, -3, -5, 0, 14, 0, -7, 0, -6, 0, 1, 7, 1, -5, 11, 0, -1, 0, 3, 0, 0, 0, -13, -11, -25, 0, -27, -17, 11, 4, 0, -7, -15, 7, 0, 28, -15, -2, 0, 10, -3, 26, 6, -6, 0, 0, -20, 12, 0, 0, 0, 11, 8, 10, 0, 0, -26, 0, 5, 12, -17, -35, -6, -7, -1, 0, 11, 0};
weights_conv[10] = {11, -8, 0, 10, 9, 2, 18, 5, 6, 0, 3, 0, -5, 0, 2, 0, -5, 6, 2, -8, -5, 0, 0, 0, 1, 0, 0, 0, -21, -6, -6, 0, 4, -5, -4, -7, 0, 2, -14, 11, 0, 5, -4, -2, 0, 6, 0, 6, 1, -6, 0, 0, 2, 1, 0, 0, 0, 7, -18, -7, 0, 0, 2, 0, -1, -6, 2, 10, -19, -6, -5, 0, 3, 0};
weights_conv[11] = {37, -52, 0, 2, 3, -7, -8, -6, 22, 0, -4, 0, 19, 0, 2, 0, 23, -20, 7, -15, -12, 0, 16, 0, 0, 0, 0, 0, 8, 5, -21, 0, 19, 5, -11, 10, 0, -3, -3, -3, 0, -13, 6, -5, 0, -1, 0, 2, -3, 3, 0, 0, -2, -8, 0, 0, 0, 2, 0, 0, 0, 0, 21, 0, -16, 15, -13, 13, -8, 3, -7, 0, 14, 0};
weights_conv[12] = {-1, -11, 0, 4, 3, 1, 4, 3, 3, 0, 7, 0, -11, 0, 0, 0, 2, -3, 1, -16, 6, 0, -7, 0, 1, 0, 0, 0, -5, 9, 4, 0, 8, -13, 3, -2, 0, -1, -4, 11, 0, 4, 1, 3, 0, 1, 0, 1, 0, 4, 0, 0, 2, -9, 0, 0, 0, 1, 1, -60, 0, 0, 10, 0, 5, 0, -21, -4, -7, -2, -2, 0, -1, 0};
weights_conv[13] = {13, -18, 0, 4, -7, 2, -16, 9, -11, 0, 22, 0, 17, 0, -10, 0, 4, 20, -10, -10, -60, 0, 3, 0, 3, 0, 0, 0, 6, -11, -13, 0, 3, -2, 2, 9, 0, 6, 1, -12, 0, 17, -14, 32, 0, 0, 1, -27, 4, 3, 0, 0, -13, -6, 0, 0, 0, 3, -1, -2, 0, 0, 8, 0, 14, 14, 16, 5, 13, -10, 13, 0, 31, 0};
weights_conv[14] = {23, 3, 0, 2, -4, 3, -6, 10, 6, 0, 6, 0, -10, 0, -6, 0, -9, 4, 2, 2, 0, 0, -17, 0, 4, 0, 0, 0, 5, 12, 2, 0, -19, -8, 4, -5, 0, -10, -12, 2, 0, -14, -5, 2, 0, 4, 4, 7, 5, -5, 0, 0, -1, -13, 0, 0, 0, -6, -7, 8, 0, 0, -14, 0, 2, -1, 5, 4, 9, 5, -11, 0, -3, 0};
weights_conv[15] = {-20, -15, 0, 0, 11, 8, -10, 19, 0, 0, -17, 0, 12, 0, 17, 0, -2, -9, 9, 14, 3, 0, 9, 0, -26, 0, 0, 0, -13, -15, 13, 0, 36, -9, -40, -7, 0, -3, -7, 3, 0, -42, -9, -3, 0, -62, -17, -7, -45, -1, 0, 0, 1, -18, 0, 0, 0, -17, -5, 0, 0, 0, 26, 0, 4, -20, 43, 7, 29, 12, -1, 0, 17, 0};
weights_conv[16] = {7, -7, 0, -7, -10, -3, 3, 22, -10, 0, -2, 0, 12, 0, 2, 0, 5, 6, -7, 4, -9, 0, 2, 0, -5, 0, 0, 0, -5, -8, -7, 0, -2, -5, -7, 9, 0, -4, -11, 18, 0, 2, 5, -7, 0, -13, -4, -12, -9, 3, 0, 0, 1, -9, 0, 0, 0, 1, -5, 14, 0, 0, -3, 0, -18, 1, 1, -2, -6, 3, 12, 0, -1, 0};
weights_conv[17] = {11, -4, 0, 3, 4, 5, 4, 5, 1, 0, -6, 0, 0, 0, 4, 0, -10, 3, 1, 17, -3, 0, 3, 0, 1, 0, 0, 0, -6, 9, -8, 0, 9, 9, 0, -8, 0, 4, -14, 2, 0, 5, -6, 3, 0, 0, 0, -3, 0, -9, 0, 0, -4, 8, 0, 0, 0, 1, 7, 2, 0, 0, 9, 0, -3, 0, -7, 7, 2, 6, 1, 0, 0, 0};
weights_conv[18] = {0, 0, 0, 0, 0, 0, 0, 0, 0, 0, 0, 0, 0, 0, 0, 0, 0, 0, 0, 0, 0, 0, 0, 0, 0, 0, 0, 0, 0, 0, 0, 0, 0, 0, 0, 0, 0, 0, 0, 0, 0, 0, 0, 0, 0, 0, 0, 0, 0, 0, 0, 0, 0, 0, 0, 0, 0, 0, 0, 0, 0, 0, 0, 0, 0, 0, 0, 0, 0, 0, 0, 0, 0, 0};
weights_conv[19] = {28, -3, 0, -5, -14, 9, 6, 14, 0, 0, 1, 0, 2, 0, 8, 0, -12, 11, 9, -5, -5, 0, 13, 0, -9, 0, 0, 0, -8, -6, 9, 0, 25, 1, -12, 0, 0, -1, -29, 19, 0, -8, -6, 11, 0, -14, 0, -1, -15, 8, 0, 0, 4, -15, 0, 0, 0, -3, -6, 5, 0, 0, 19, 0, -16, 7, -8, 1, -6, 1, 0, 0, -7, 0};
weights_conv[20] = {5, 5, 0, -2, -1, 1, -5, -9, 9, 0, 6, 0, -7, 0, -5, 0, 0, 3, 4, 7, 0, 0, -5, 0, -5, 0, 0, 0, 7, 9, 11, 0, 11, -14, -1, 0, 0, -2, 15, 1, 0, -12, 7, 9, 0, -2, -2, -9, -2, 1, 0, 0, 5, 13, 0, 0, 0, -2, -5, -34, 0, 0, 9, 0, 18, 0, -7, 4, 14, 7, -1, 0, -4, 0};
weights_conv[21] = {-3, -11, 0, 10, -8, -1, 4, 1, 2, 0, 6, 0, 14, 0, 11, 0, 28, 9, 14, -20, -21, 0, 24, 0, -4, 0, 0, 0, -7, -23, 0, 0, 17, -25, -3, 27, 0, 12, -43, 1, 0, -7, 14, -2, 0, 1, 0, 22, -4, 10, 0, 0, 6, -8, 0, 0, 0, -3, -29, 13, 0, 0, -7, 0, 2, 1, -20, -8, -25, -4, 13, 0, -31, 0};
weights_conv[22] = {7, -27, 0, 11, 32, -10, 5, -4, -17, 0, -18, 0, 13, 0, -7, 0, 34, 10, -7, -5, 22, 0, -1, 0, -4, 0, 0, 0, 6, -6, -2, 0, 9, 3, -15, 21, 0, 21, 0, -1, 0, -1, 2, 3, 0, -19, 0, 9, -13, 13, 0, 0, -7, -7, 0, 0, 0, 3, 8, -3, 0, 0, 14, 0, -10, 8, 12, 11, -12, -5, 7, 0, -5, 0};
weights_conv[23] = {-47, -12, 0, -3, -1, 1, -17, -1, -10, 0, -5, 0, -12, 0, -10, 0, -9, 6, -2, -17, 7, 0, 12, 0, 4, 0, 0, 0, -1, 21, 1, 0, -9, -22, -16, 0, 0, -1, -28, 11, 0, -29, -9, 8, 0, -7, 2, -10, -4, 1, 0, 0, -2, -61, 0, 0, 0, -13, -7, -1, 0, 0, -3, 0, 15, -2, 18, 11, 2, -15, 2, 0, 8, 0};
weights_conv[24] = {10, 26, 0, 8, 18, -3, -8, -10, -8, 0, -23, 0, 19, 0, -19, 0, -3, -5, -12, -25, -23, 0, -5, 0, 7, 0, 0, 0, 26, 7, -9, 0, -1, -20, 6, -7, 0, 3, -8, -34, 0, -9, -3, -8, 0, 13, 3, 10, 10, -9, 0, 0, -11, 6, 0, 0, 0, -5, -33, -3, 0, 0, 14, 0, 10, 4, -3, 16, -12, 5, 5, 0, 2, 0};
weights_conv[25] = {-41, -19, 0, 1, -19, 6, -14, -41, 28, 0, 18, 0, 0, 0, -7, 0, 7, 14, 28, 7, 42, 0, -5, 0, -6, 0, 0, 0, 21, -17, 16, 0, 32, 11, -16, 8, 0, -4, 11, -8, 0, -30, -30, 18, 0, -47, -2, -8, -34, 12, 0, 0, 3, -26, 0, 0, 0, -22, -5, -17, 0, 0, 31, 0, 51, -27, 41, 10, 11, 8, -2, 0, -26, 0};
weights_conv[26] = {3, -88, 0, 10, 33, -6, -3, -3, 14, 0, -34, 0, -16, 0, -7, 0, 19, 5, 11, -9, -5, 0, 20, 0, 9, 0, 0, 0, -15, -4, -1, 0, 13, -8, 13, 6, 0, 14, -2, 2, 0, 15, 25, -7, 0, 11, -11, -22, 12, 2, 0, 0, 10, 1, 0, 0, 0, 2, 7, -10, 0, 0, 10, 0, 11, -15, 4, 33, -3, -14, 21, 0, 13, 0};
weights_conv[27] = {8, 35, 0, 2, -1, -2, -3, -4, -1, 0, 1, 0, 9, 0, 11, 0, -8, 1, 1, 9, 11, 0, -5, 0, -12, 0, 0, 0, -11, -5, 4, 0, 9, -15, -24, -4, 0, 4, -7, 0, 0, -11, -4, -5, 0, -28, -6, 10, -23, 2, 0, 0, 9, -14, 0, 0, 0, -3, -6, 8, 0, 0, 11, 0, -6, -12, 24, 16, 20, 12, 16, 0, -5, 0};
weights_conv[28] = {-5, 8, 0, 7, -2, 5, 0, 2, 7, 0, 14, 0, -9, 0, 1, 0, -6, 1, 5, -39, 9, 0, 7, 0, -2, 0, 0, 0, -26, 35, 5, 0, 12, -16, -5, 3, 0, 6, 3, 21, 0, -9, -5, 7, 0, -5, 2, -4, -6, 4, 0, 0, 11, -19, 0, 0, 0, -5, -26, -8, 0, 0, 12, 0, 25, -8, 15, -3, -4, -9, -8, 0, -22, 0};
weights_conv[29] = {-16, -34, 0, -2, -1, 3, -4, -10, 15, 0, 7, 0, -2, 0, 3, 0, 21, -4, 12, 8, 1, 0, 14, 0, 8, 0, 0, 0, 14, 3, -23, 0, 10, 4, 0, 13, 0, 19, 1, 18, 0, 10, 0, -17, 0, 13, 2, 4, 9, -3, 0, 0, 0, 11, 0, 0, 0, 8, 2, -5, 0, 0, -8, 0, 4, 3, -25, 0, -3, -16, -16, 0, 13, 0};
weights_conv[30] = {-4, -9, 0, 0, -8, 2, -8, -12, 5, 0, 21, 0, 4, 0, 3, 0, -3, 13, 5, -2, 28, 0, -20, 0, 3, 0, 0, 0, -6, -13, 9, 0, 7, -18, -7, 6, 0, -4, -13, 16, 0, 1, -7, 12, 0, 5, 1, 4, 0, -2, 0, 0, 2, -8, 0, 0, 0, 2, -12, 4, 0, 0, 13, 0, 15, 5, 16, -10, 0, -1, 14, 0, -11, 0};
weights_conv[31] = {17, -23, 0, -1, 5, 5, -3, 0, 8, 0, 24, 0, 0, 0, -16, 0, 33, 0, 9, -5, 21, 0, 2, 0, 4, 0, 0, 0, 6, 7, 5, 0, 1, -2, 9, 16, 0, 17, -10, 0, 0, 11, 6, -6, 0, 10, 9, 17, 6, 8, 0, 0, 1, -3, 0, 0, 0, 7, 10, 24, 0, 0, -8, 0, 4, 20, 3, -20, 4, -22, 15, 0, -4, 0};
weights_conv[32] = {2, 11, 0, 5, 8, 0, 4, 0, 2, 0, 8, 0, -4, 0, -4, 0, 1, -1, 2, -2, -1, 0, -3, 0, 1, 0, 0, 0, 3, 2, 0, 0, 0, 5, 5, 2, 0, -2, -2, -1, 0, 6, 5, -1, 0, 1, 0, 2, 1, 5, 0, 0, 5, 6, 0, 0, 0, 1, 8, 12, 0, 0, -3, 0, 4, -2, -4, -2, 8, -5, -4, 0, 5, 0};
weights_conv[33] = {-13, -16, 0, 5, 0, 10, 2, 1, -4, 0, 11, 0, 40, 0, 0, 0, 4, 14, 4, -23, 13, 0, -3, 0, 0, 0, 0, 0, 8, 1, -6, 0, 12, -95, 17, -3, 0, -5, 1, 14, 0, 16, -22, 10, 0, 15, -7, -1, 6, 13, 0, 0, 20, 5, 0, 0, 0, 11, 5, 49, 0, 0, 29, 0, 12, -8, 50, -9, 2, -4, 5, 0, -14, 0};
weights_conv[34] = {-13, 48, 0, 7, 25, 37, 21, -17, -3, 0, 12, 0, 3, 0, 10, 0, 1, -3, -9, 3, 33, 0, 13, 0, 3, 0, 0, 0, -2, 7, -7, 0, 24, -1, -18, -4, 0, -4, -16, -4, 0, 14, -6, 19, 0, 10, -2, 18, -2, -1, 0, 0, -10, -4, 0, 0, 0, 12, 10, 3, 0, 0, 22, 0, 22, 2, 11, -14, 9, 7, 0, 0, 51, 0};
weights_conv[35] = {1, 47, 0, 4, 11, 2, -7, -2, 1, 0, -19, 0, -1, 0, -7, 0, -1, 7, 2, 6, -11, 0, 8, 0, -10, 0, 0, 0, -22, -13, -14, 0, 10, -14, 9, 5, 0, 3, -11, -5, 0, 19, 18, 16, 0, -6, -2, 0, -1, 8, 0, 0, -8, 13, 0, 0, 0, 4, -30, 3, 0, 0, 4, 0, -9, 6, -14, 7, -13, -4, 2, 0, 4, 0};
weights_conv[36] = {-10, -92, 0, -6, -3, 18, 8, -45, 0, 0, 33, 0, 2, 0, -10, 0, 7, -4, 5, 8, 50, 0, 1, 0, 8, 0, 0, 0, -1, -4, 10, 0, 24, -9, 23, 10, 0, -1, -10, -16, 0, 19, -14, 11, 0, 26, -2, 31, 18, 1, 0, 0, -2, 15, 0, 0, 0, 5, 10, -1, 0, 0, 28, 0, 34, -8, 19, -7, 11, 4, -2, 0, 24, 0};
weights_conv[37] = {-1, -11, 0, 3, 3, 3, 4, 5, 4, 0, 4, 0, 0, 0, 3, 0, -7, 0, 2, -27, 2, 0, -2, 0, -1, 0, 0, 0, 37, -5, 1, 0, -3, 1, 12, -1, 0, 1, 4, 9, 0, 11, -6, 0, 0, 3, -3, 3, 3, 0, 0, 0, 0, 14, 0, 0, 0, 3, 28, 3, 0, 0, -1, 0, -6, -1, 7, -10, 17, 16, -4, 0, 9, 0};
weights_conv[38] = {10, -12, 0, 22, 50, 32, 38, -36, -3, 0, -10, 0, 1, 0, 9, 0, -3, 8, 1, 6, 15, 0, 27, 0, 3, 0, 0, 0, -8, -9, -20, 0, -4, -15, 8, -8, 0, 2, -22, -24, 0, 14, 2, -4, 0, 11, 5, 22, 9, -2, 0, 0, 1, 7, 0, 0, 0, 2, 14, 4, 0, 0, -3, 0, 6, 6, -7, -23, -3, 3, -2, 0, 49, 0};
weights_conv[39] = {9, 17, 0, 4, 9, 15, 6, 5, -4, 0, -11, 0, -12, 0, 13, 0, 2, 3, -4, -2, 3, 0, 20, 0, -1, 0, 0, 0, -42, -4, 13, 0, -10, -7, 7, 8, 0, 5, -19, 2, 0, 14, 8, 16, 0, 5, 4, 6, 2, 9, 0, 0, 2, 7, 0, 0, 0, 4, -35, -6, 0, 0, -5, 0, 14, 7, 5, 1, -15, 6, -6, 0, 14, 0};
weights_conv[40] = {-8, -21, 0, -4, -13, 5, 2, -7, 16, 0, 14, 0, 1, 0, 4, 0, 14, -6, 12, -5, -18, 0, -3, 0, -10, 0, 0, 0, 7, 9, 2, 0, 38, 4, -16, 10, 0, -8, 7, 12, 0, -10, -8, 5, 0, -31, -7, -7, -21, 2, 0, 0, 11, -11, 0, 0, 0, -3, -5, -8, 0, 0, 21, 0, 29, -13, 26, 8, 1, -8, -18, 0, 10, 0};
weights_conv[41] = {-5, -2, 0, -2, -2, 4, -3, 7, 4, 0, 4, 0, -5, 0, -3, 0, 2, -5, 5, -8, -3, 0, 2, 0, 1, 0, 0, 0, 2, -3, -9, 0, -4, 4, 2, 4, 0, 0, -5, -1, 0, 3, 7, -7, 0, -2, 0, -1, 0, 5, 0, 0, -1, -6, 0, 0, 0, -2, -4, -17, 0, 0, -4, 0, -1, 0, -17, 0, -1, -2, 2, 0, 6, 0};
weights_conv[42] = {-38, -47, 0, 13, 20, 18, 8, -23, -1, 0, -16, 0, -14, 0, 10, 0, -8, -3, 6, 10, 2, 0, 25, 0, 5, 0, 0, 0, 2, 3, 2, 0, -2, -6, 15, 9, 0, 9, 1, -31, 0, 3, 7, 3, 0, 21, -1, 9, 15, 10, 0, 0, 4, 24, 0, 0, 0, 1, 5, -7, 0, 0, 0, 0, 9, -6, 4, 6, 13, 19, -10, 0, 12, 0};
weights_conv[43] = {18, -29, 0, 2, 10, -9, -2, 6, 7, 0, -7, 0, 23, 0, 3, 0, 8, 3, 8, -10, -6, 0, -13, 0, -12, 0, 0, 0, 0, -5, 21, 0, 10, 8, -7, 0, 0, 3, -17, 4, 0, 8, 12, 12, 0, -14, 4, 14, -12, -2, 0, 0, 10, -1, 0, 0, 0, 3, 1, 3, 0, 0, 6, 0, 13, 15, 2, 6, 0, -10, -3, 0, -27, 0};
weights_conv[44] = {6, -175, 0, 9, 16, 7, 14, -5, -13, 0, -7, 0, 30, 0, -5, 0, 14, -5, -1, -3, 1, 0, 25, 0, 12, 0, 0, 0, 19, -1, -16, 0, -6, 42, 17, -23, 0, 26, -21, 3, 0, 19, -16, 12, 0, 22, -19, -16, 17, -23, 0, 0, -13, 11, 0, 0, 0, 8, 27, 13, 0, 0, 12, 0, 2, 0, 1, 5, 3, -31, 6, 0, -6, 0};
weights_conv[45] = {0, 0, 0, 0, 0, 0, 0, 0, 0, 0, 0, 0, 0, 0, 0, 0, 0, 0, 0, 0, 0, 0, 0, 0, 0, 0, 0, 0, 0, 0, 0, 0, 0, 0, 0, 0, 0, 0, 0, 0, 0, 0, 0, 0, 0, 0, 0, 0, 0, 0, 0, 0, 0, 0, 0, 0, 0, 0, 0, 0, 0, 0, 0, 0, 0, 0, 0, 0, 0, 0, 0, 0, 0, 0};
weights_conv[46] = {-32, 12, 0, 8, -1, -1, 2, -8, -5, 0, 10, 0, -20, 0, -3, 0, -9, 14, 8, -31, -4, 0, 2, 0, 12, 0, 0, 0, 9, 29, 5, 0, -12, -16, 9, 7, 0, 10, -5, 17, 0, 10, -4, 11, 0, 14, 2, -13, 15, 13, 0, 0, 5, -42, 0, 0, 0, 5, -5, -1, 0, 0, -12, 0, 24, -5, 19, 20, -9, -13, -13, 0, -18, 0};
weights_conv[47] = {-4, -28, 0, -5, 12, -32, -19, 5, 5, 0, -4, 0, 5, 0, -39, 0, 29, -9, 9, -7, 1, 0, 23, 0, 2, 0, 0, 0, -1, 1, 1, 0, 9, -4, 43, 5, 0, 43, 17, -4, 0, 18, 29, -2, 0, 4, 4, -1, 5, 5, 0, 0, 2, -3, 0, 0, 0, -2, -13, 1, 0, 0, 8, 0, 11, 15, 11, 22, -10, -16, 7, 0, -3, 0};
weights_conv[48] = {-16, -18, 0, 2, -5, 6, -9, -3, -3, 0, -13, 0, 7, 0, -1, 0, -20, 2, 5, -23, 16, 0, 8, 0, -10, 0, 0, 0, 6, -17, 6, 0, 7, -40, 7, 9, 0, 5, 5, 1, 0, 8, -33, 3, 0, -11, 5, -2, -9, 16, 0, 0, -8, -13, 0, 0, 0, 0, -2, 24, 0, 0, 11, 0, 38, -7, 28, -13, 2, -3, -11, 0, -2, 0};
weights_conv[49] = {-19, 4, 0, 6, 5, 7, 6, -6, 9, 0, 2, 0, -16, 0, 5, 0, -8, 3, 8, -18, 4, 0, -4, 0, 2, 0, 0, 0, 8, 16, -6, 0, -6, -8, 2, 3, 0, 0, -2, 9, 0, 7, -4, -1, 0, 2, -1, -2, 4, 2, 0, 0, 5, -6, 0, 0, 0, 1, -1, -16, 0, 0, -11, 0, -4, -9, -9, -4, -2, 1, -11, 0, 0, 0};
weights_conv[50] = {0, 0, 0, 0, 0, 0, 0, 0, 0, 0, 0, 0, 0, 0, 0, 0, 0, 0, 0, 0, 0, 0, 0, 0, 0, 0, 0, 0, 0, 0, 0, 0, 0, 0, 0, 0, 0, 0, 0, 0, 0, 0, 0, 0, 0, 0, 0, 0, 0, 0, 0, 0, 0, 0, 0, 0, 0, 0, 0, 0, 0, 0, 0, 0, 0, 0, 0, 0, 0, 0, 0, 0, 0, 0};
weights_conv[51] = {-7, 76, 0, 11, 14, 20, 4, -28, -8, 0, -20, 0, -15, 0, 10, 0, -4, 27, -6, 7, -17, 0, 5, 0, 8, 0, 0, 0, -14, -7, -15, 0, -13, -10, -2, 0, 0, -8, 8, -15, 0, -2, -9, 8, 0, 17, 0, 9, 12, 6, 0, 0, -6, 13, 0, 0, 0, 2, 8, 4, 0, 0, -10, 0, -11, -7, 4, -6, 1, -2, -5, 0, 7, 0};
weights_conv[52] = {5, -62, 0, 7, 16, 21, 9, -21, -15, 0, -13, 0, -5, 0, 7, 0, -14, 6, -7, 4, 16, 0, 13, 0, 5, 0, 0, 0, 0, 0, 10, 0, 2, 0, -4, -16, 0, 2, 8, -3, 0, -4, -24, 26, 0, 2, -1, -5, 5, -2, 0, 0, -9, 2, 0, 0, 0, 2, 2, 5, 0, 0, -5, 0, 3, -3, 3, 0, -10, -4, -4, 0, 16, 0};
weights_conv[53] = {4, 7, 0, 1, -8, 2, 8, 1, 5, 0, -8, 0, -3, 0, 4, 0, -3, 7, 2, -12, -1, 0, 8, 0, 0, 0, 0, 0, 17, -7, -1, 0, -4, 1, 0, -3, 0, 7, -3, -4, 0, 4, -14, 2, 0, 2, -1, -2, 0, 0, 0, 0, -1, 14, 0, 0, 0, 3, 24, 2, 0, 0, -3, 0, -8, -3, 10, -1, 19, 24, 3, 0, 0, 0};
weights_conv[54] = {-29, 5, 0, -2, -10, -2, -9, -17, -2, 0, -2, 0, -14, 0, 6, 0, -13, -5, 3, -4, 2, 0, -17, 0, 4, 0, 0, 0, -3, 18, -2, 0, -19, -13, -14, -5, 0, 2, -17, 17, 0, -9, 2, 3, 0, -1, -2, -8, 0, -7, 0, 0, 12, -32, 0, 0, 0, 0, -1, 6, 0, 0, -18, 0, 6, -9, 22, -4, 10, -15, -15, 0, -8, 0};
weights_conv[55] = {1, 1, 0, -2, -2, 0, -9, -9, 10, 0, 6, 0, 4, 0, -1, 0, -3, 10, 8, 4, 3, 0, 4, 0, -2, 0, 0, 0, 3, 3, -8, 0, 8, 16, -5, -1, 0, -2, -2, -6, 0, 0, -6, 5, 0, -7, 1, -9, -4, -2, 0, 0, -1, -3, 0, 0, 0, -2, -4, 2, 0, 0, 5, 0, -2, 3, -4, 4, 3, 4, 8, 0, 8, 0};
weights_conv[56] = {-9, -7, 0, -1, -2, -9, 1, -6, 12, 0, -19, 0, 7, 0, 0, 0, 5, 2, 2, -9, 22, 0, -25, 0, -1, 0, 0, 0, -5, 6, 12, 0, 22, -5, 2, 2, 0, 6, -13, 9, 0, 3, -12, 5, 0, -5, -3, 3, -1, 0, 0, 0, 4, 4, 0, 0, 0, 1, 2, 8, 0, 0, 23, 0, -3, -9, 10, 1, -4, 5, -11, 0, -18, 0};
weights_conv[57] = {38, 42, 0, -1, 12, 3, 8, -10, 49, 0, 3, 0, 16, 0, 8, 0, 1, -13, 32, -7, -29, 0, -4, 0, 12, 0, 0, 0, -5, -1, -1, 0, 7, -21, 13, -7, 0, 8, 0, -2, 0, -11, 7, 3, 0, 13, -2, -15, 14, -10, 0, 0, 15, 3, 0, 0, 0, 5, 10, 1, 0, 0, 18, 0, -25, 10, -28, 18, -2, 8, -43, 0, 15, 0};
weights_conv[58] = {7, -7, 0, 11, 14, -6, 0, 3, -31, 0, -22, 0, -3, 0, -2, 0, -3, -19, -29, -6, -10, 0, 8, 0, 2, 0, 0, 0, 12, 4, -29, 0, -24, -17, 3, -4, 0, 10, -7, -7, 0, 7, 1, -24, 0, 0, -1, 7, 0, -7, 0, 0, -11, 2, 0, 0, 0, 5, 2, -1, 0, 0, -13, 0, -2, -13, 0, -4, -4, -10, 1, 0, 2, 0};
weights_conv[59] = {-16, -2, 0, 4, 6, 6, 13, 6, 4, 0, -20, 0, -9, 0, 3, 0, -2, 5, 11, 0, -9, 0, 22, 0, -2, 0, 0, 0, -10, -10, -12, 0, -4, -25, 14, 14, 0, 1, -1, -5, 0, 8, -2, 8, 0, 2, -2, 2, 3, 13, 0, 0, -2, 9, 0, 0, 0, -3, -12, 10, 0, 0, -11, 0, -11, -4, 1, -1, -7, -10, -3, 0, -1, 0};
weights_conv[60] = {3, 5, 0, 2, 16, -8, -9, -20, 9, 0, -39, 0, -13, 0, -28, 0, 11, 0, 23, -2, 32, 0, -13, 0, 3, 0, 0, 0, -10, -1, 5, 0, 9, -8, -5, 21, 0, 23, 4, -21, 0, -4, 20, 7, 0, 6, 3, 8, 2, 16, 0, 0, 1, 15, 0, 0, 0, 3, -7, -6, 0, 0, 2, 0, 3, 6, 1, -1, -15, -14, -12, 0, -4, 0};
weights_conv[61] = {-1, -2, 0, 1, 2, 3, 8, 5, 3, 0, -4, 0, -5, 0, -1, 0, -2, -3, -1, -19, 6, 0, -6, 0, -2, 0, 0, 0, 0, -2, 1, 0, 6, 16, -10, -3, 0, -7, 8, 2, 0, -11, -2, -3, 0, -9, -5, -3, -6, -7, 0, 0, 4, -22, 0, 0, 0, -6, -1, 10, 0, 0, 9, 0, -2, -3, -7, -7, 4, -3, 0, 0, -4, 0};
weights_conv[62] = {60, -57, 0, -5, -36, 14, 40, 5, -10, 0, 18, 0, -23, 0, 40, 0, -15, 2, 3, -26, 5, 0, 1, 0, -8, 0, 0, 0, -25, -26, 9, 0, -10, -9, 3, -7, 0, -4, -2, 42, 0, 13, -32, -1, 0, -4, -5, 5, -7, 23, 0, 0, -3, 25, 0, 0, 0, 6, 10, 49, 0, 0, -5, 0, -14, -40, -20, -31, 5, 6, -13, 0, -28, 0};
weights_conv[63] = {3, 6, 0, -4, -6, -6, -8, -6, -6, 0, -11, 0, -7, 0, -6, 0, -3, -19, -2, 4, -14, 0, 2, 0, 0, 0, 0, 0, 11, 2, -29, 0, -20, -7, 3, -4, 0, -1, 16, -17, 0, 18, 8, -15, 0, -7, -14, -28, -5, 0, 0, 0, -5, 8, 0, 0, 0, 4, -4, 3, 0, 0, -21, 0, 0, -26, 4, -8, 4, 3, -2, 0, 4, 0};
weights_conv[64] = {12, 2, 0, -4, -7, 5, -3, 11, 7, 0, -4, 0, -14, 0, 13, 0, -2, -3, 2, -17, -1, 0, 0, 0, 1, 0, 0, 0, -1, 28, -8, 0, -16, 2, -2, -1, 0, -1, -17, 26, 0, 3, -15, -3, 0, 3, 0, 3, 2, -2, 0, 0, 3, -17, 0, 0, 0, 2, -4, -1, 0, 0, -17, 0, -11, 1, 3, -12, -3, 2, -5, 0, -2, 0};
weights_conv[65] = {0, 0, 0, 0, 0, 0, 0, 0, 0, 0, 0, 0, 0, 0, 0, 0, 0, 0, 0, 0, 0, 0, 0, 0, 0, 0, 0, 0, 0, 0, 0, 0, 0, 0, 0, 0, 0, 0, 0, 0, 0, 0, 0, 0, 0, 0, 0, 0, 0, 0, 0, 0, 0, 0, 0, 0, 0, 0, 0, 0, 0, 0, 0, 0, 0, 0, 0, 0, 0, 0, 0, 0, 0, 0};
weights_conv[66] = {-8, -37, 0, 8, 19, 12, 4, -13, 8, 0, -9, 0, -8, 0, 13, 0, -7, 19, 4, 2, 9, 0, 4, 0, 0, 0, 0, 0, -2, -10, -15, 0, 3, 24, -17, 9, 0, -13, 2, -3, 0, -22, -19, -4, 0, -14, -9, -2, -6, -6, 0, 0, -3, -19, 0, 0, 0, -8, -10, -1, 0, 0, -4, 0, 20, -2, -9, -15, 1, -8, 5, 0, 12, 0};
weights_conv[67] = {14, 19, 0, 0, -7, -5, -6, -13, 6, 0, 3, 0, 4, 0, 0, 0, -4, 9, 1, 10, -4, 0, 0, 0, 1, 0, 0, 0, 5, 4, 8, 0, 4, 10, 1, 0, 0, -2, -2, -10, 0, -10, -10, 15, 0, 0, 3, 5, 2, -1, 0, 0, 2, 1, 0, 0, 0, -6, 0, -8, 0, 0, 7, 0, -7, 15, -12, -5, 5, 0, 4, 0, -1, 0};
weights_conv[68] = {-2, -16, 0, 0, 10, -14, 0, -8, -3, 0, -2, 0, -2, 0, -17, 0, -9, -3, 1, 3, -16, 0, 17, 0, 3, 0, 0, 0, -6, -22, 4, 0, 8, -15, 23, 0, 0, 24, 5, -15, 0, 18, 8, 8, 0, 8, 4, -9, 6, 8, 0, 0, -4, 9, 0, 0, 0, 6, -26, -1, 0, 0, 6, 0, -5, 7, 2, 4, -21, -12, 2, 0, -8, 0};
weights_conv[69] = {34, -2, 0, 15, 18, -12, -22, -4, 25, 0, -39, 0, 28, 0, -2, 0, -30, 7, 23, -15, -32, 0, 16, 0, 2, 0, 0, 0, 4, 16, 22, 0, 23, -3, -3, -5, 0, 7, -5, -19, 0, 0, 9, 49, 0, 9, 8, -14, 5, -17, 0, 0, 19, -3, 0, 0, 0, -3, -4, -27, 0, 0, 21, 0, 0, 32, -16, 28, -16, -6, -15, 0, -19, 0};
weights_conv[70] = {8, 2, 0, -3, -4, -9, -5, -6, -6, 0, 0, 0, -19, 0, -14, 0, -4, -1, -2, -2, -9, 0, -6, 0, 1, 0, 0, 0, -7, 12, -2, 0, -8, -25, 11, -2, 0, 8, 4, -4, 0, 5, 17, -1, 0, 1, -3, -10, 3, 2, 0, 0, 4, -13, 0, 0, 0, 1, -7, -11, 0, 0, -12, 0, 10, -7, -8, 11, -11, -7, -5, 0, -17, 0};
weights_conv[71] = {2, -109, 0, 9, 15, 14, 13, -15, 12, 0, -15, 0, -6, 0, 0, 0, 9, -21, 4, -8, 4, 0, 19, 0, -1, 0, 0, 0, -4, -38, -1, 0, 11, -11, -1, 13, 0, -11, -7, -18, 0, -3, -55, -4, 0, -2, 2, 7, -1, 16, 0, 0, -11, -15, 0, 0, 0, -10, 3, -24, 0, 0, 19, 0, 11, -5, -4, -32, -18, -25, 8, 0, 9, 0};

Bias (8 bit):
bias_conv = {1741, 2339, -1252, 305, -353, 502, 0, 550, 2551, -398, -316, -113, 616, 3254, -529, -1019, -830, 2265, -749, -554, 1140, 0, 456, -122, -2259, -288, 0, -2626, -1550, -1157, 644, -2396, -782, -1036, -1474, -3988, 110, -4325, -1446, -1468, -2304, -907, -799, -764, -930, -1300, -2666, 1810, 2077, -1371, -114, -135, -1276, 0, -1013, 54, -1117, 1040, -1089, 956, -998, 106, 1357, -1574, 2367, 1837, -3041, 2035, -1419, 1909, 2090, -588};
Input range (8 bit):
 [-6, -5, -4, -3, -2, -1, 0, 1, 2, 3, 4, 5]
Output range (8 bit):
 [-125, -104, -84, -63, -42, -21, 0, 21, 42, 63, 84, 104]
