Input scale (32 bit):
 33992396
Input zero point:
 127
Weight scale (32 bit):
 61541328
Weight zero point:
 131
Output scale (32 bit):
 477774112
Output zero point:
 115
M scale (32 bit):
 4378507
Weight (8 bit):
weights_conv[0] = {-21, -14, 16, 6, -5, -11, 33, -5, -16, 21, -13, -23, 107, -15, 66, 16, -9, -1, -12, -22, 28, -5, 31, -9, 28, 25, 14, -31, -3, -5, -14, -31, 24, 24, 4, -20, -11, -18, 47, 14, -5, 5, 1, -27, -5, -34, 124, 8, -21, 25, -16, 24, -31, 22, -17, -14, -48, 7, 34, 15, -64, 60, -26, -36, 35, -77, 18, 4, 31, -3, -16, 20};
weights_conv[1] = {2, 41, -4, -12, 2, -15, -6, -11, -9, -42, -15, 1, -59, 38, -15, 20, 3, -46, -7, -22, -59, 13, 81, 38, 19, -37, 4, 70, 6, 19, 25, -54, -2, 19, -12, -13, 52, -17, 66, 12, 9, -20, -107, -4, -8, -63, -20, 11, -12, 74, 46, -16, 34, -46, -7, 32, -7, -4, -13, 11, -68, -7, 37, -8, 3, 20, 8, 11, -2, -33, -17, 5};
weights_conv[2] = {-12, 28, -43, 28, -3, -11, 26, -18, -9, -12, 40, 25, -56, -26, -36, 19, 14, 86, -1, -2, 33, -11, -7, -45, -1, 66, 1, -23, -9, -41, 27, -12, 31, -17, 6, -9, 56, -5, 47, 11, -26, 0, 19, -18, 1, -87, -37, -3, -7, -48, -42, -7, -17, 8, -7, -61, 51, -11, 84, 10, -13, -30, 33, -2, -16, -56, 6, -26, 67, 10, -6, 11};
weights_conv[3] = {-8, -70, 4, 9, -1, -3, 53, 12, 0, 0, 4, 12, -20, 53, -13, -18, 10, -45, 0, -12, 15, -12, -3, 57, -23, 21, -15, 24, -29, -31, -86, -24, 32, -19, 0, 3, 21, -43, -61, 4, 0, 34, -13, -23, 9, -57, 28, 81, 0, -4, -75, 34, -65, 14, 0, 22, 78, 20, 23, -3, -11, -20, 15, -41, -16, 75, 4, 6, -15, 0, -16, 1};
weights_conv[4] = {47, -31, -5, 4, -16, 13, -6, 46, 23, 9, 20, -42, 10, 2, -14, -55, -2, 3, 45, 33, -34, 21, -27, -7, -22, 9, 3, 33, 67, 1, -39, -19, -131, 10, -23, 26, -31, 41, 3, -24, 15, -75, 4, -17, -12, 12, -26, -18, 26, -8, 31, -11, -6, 36, 26, 0, -13, -16, 26, -20, 12, -1, -16, -11, -52, -17, -25, 18, -20, 31, 20, -28};
weights_conv[5] = {-4, -2, 67, -8, 0, -15, -90, 18, -14, 35, 84, 8, 13, -42, -5, 24, -27, -6, -4, 3, 18, 5, -11, 38, 76, -46, 25, -54, -24, 40, 15, 91, 31, -44, 27, -5, -8, -5, -19, 11, -25, 8, 26, 46, 15, 38, 29, 12, -12, 18, -10, -27, 15, 5, -13, 10, -26, 54, -9, 13, 60, -30, 7, 8, 24, 22, 12, 2, -1, -13, -26, 16};
weights_conv[6] = {9, 33, -20, -15, -1, 0, 16, 1, -9, -17, -13, -5, 5, 14, -21, 10, -9, -45, -15, 0, 56, -7, 26, 26, 29, -31, 1, -6, 2, -29, -6, 22, 29, -94, 22, -3, 41, 7, 43, 4, 11, 5, 57, -52, 3, -26, -21, -2, -9, -60, 27, -40, -33, -24, -5, 59, 106, -12, -52, 8, 5, -36, -20, 1, 12, 42, 4, 5, 26, 0, 1, 11};
weights_conv[7] = {0, 8, -12, -10, -4, -3, -20, 17, -11, 5, -15, 4, -71, 0, 75, 18, 10, 42, -19, -15, -19, -16, -19, -56, 23, 39, -7, -23, 2, -7, 3, 48, 18, 60, 15, -16, -4, 11, -14, 10, -15, 45, -40, -21, 4, 76, -18, 20, -8, -15, 12, 8, 67, -35, -10, -55, -26, -11, -42, 12, -64, 26, 26, 25, 4, 0, 11, -34, -39, -38, 11, 4};
weights_conv[8] = {-10, 42, 1, 11, -20, -7, 50, 8, -3, 4, -15, -10, -48, 33, 1, 12, -25, -39, -3, -4, 27, -6, 13, 17, 49, 42, -26, -67, -20, -24, 25, 7, -1, 55, -9, -9, -24, 16, -41, 9, -27, 25, 35, 62, 13, 21, 12, -31, -11, -2, 46, 0, 19, -40, -12, -16, 26, -33, -79, 10, 56, 33, 28, 33, 21, 57, 4, -12, -84, -6, 4, 10};
weights_conv[9] = {-1, 2, 9, -3, 1, -9, -33, -2, -4, 19, 6, 16, 5, -18, 12, 17, -16, 74, 0, 56, -18, -7, 5, -24, -49, -5, -26, -31, 0, 69, 15, 96, 42, -41, 6, -11, 50, -1, -3, 6, 4, 33, 64, 44, 6, 48, 48, 16, -9, 66, -16, 43, 31, -13, -2, -26, -39, 35, -13, 6, 9, -15, 5, 19, 11, 32, 11, -34, 33, -3, 0, 11};
weights_conv[10] = {-20, 6, -4, -12, 26, 13, -12, -28, 10, -14, -24, 26, 41, -6, -11, 6, 20, -5, -22, -25, -14, 6, -32, -24, -56, -46, 15, 25, -18, -1, 21, -52, 18, 19, -2, 14, -52, -6, -14, -3, 7, 9, -17, 3, -9, 28, -29, -20, 12, -18, -19, -4, -4, 14, 14, 9, -18, -2, 15, -10, 18, 5, -30, 1, 24, -44, -13, 10, -5, -1, -4, -14};

Bias (8 bit):
 {962, -356, -1511, -1494, -762, -1060, 3625, -213, -302, -1393, -1629};
