Input scale (32 bit):
 33992396
Input zero point:
 127
Weight scale (32 bit):
 47223928
Weight zero point:
 134
Output scale (32 bit):
 401916064
Output zero point:
 150
M scale (32 bit):
 3994004
Weight (8 bit):
weights_conv[0] = {-44, -20, -16, -7, 33, 38, -38, -21, -31, 15, -27, 37, 2, -32, -19, 49, -3, -32, -47, -118, 6, 83, 22, 11, -3, -14, 51, -17, -86, -12, 56, 3, 12, 13, -134, -7, 7, -35, -17, -51, 57, 50, 28, -22, -30, -5, 2, -2, -35, 4, -78, 22, -18, -40, -33, -1, -8, 5, -20, -62, -5, 22, 25, 119, 45, -3, 30, -12, 23, 17, -8, 41};

Bias (8 bit):
 {-4849};
