Input scale (32 bit):
 184823808
Input scale temporal normalisation (32 bit):
 19961436 (remember to inverse diff calculation or include change in sing)
Input scale channel normalisation (32 bit):
 19961436160
Input zero point:
 183
Weight scale (32 bit):
 51974124
Weight zero point:
 136
Output scale (32 bit):
 200444624
Output zero point:
 141
M Scales (32 bit):
 47923736
Input quantisation (only for first layer):
F scale (for 32 bits):3118974543
T scale (for 32 bits):99807
Weight (8 bit):
weights_conv[0] = {-2, -22, -24, 11, -13, -15, -1, 3, 0, 8, -33, 45, 0, 19, 0, -4, -34, -5, -7, -9, 16, -30, -1, -4, -4, 9, 0, -9, 10, -27, -5, 10, 2, 2, -14, -15, 16, -20, 17, -18, -18, -9, -10, -15, 3, 25, -13, 3, -3, -2, 4, 17, 6, -7, 12, 0, 5, -12, 35, -9, -44, -5, 5, -2, 0, -1, 2, 3, 0, 24, 23, 16, -7, -11};
weights_conv[1] = {0, -2, -9, 12, -17, 19, 17, 18, 0, 63, -11, 11, 0, 12, 0, -9, -21, -5, 1, -30, 6, 7, -8, -26, 22, 38, 0, -5, 8, -21, -20, 3, 30, -1, 7, -16, 12, -58, 4, -12, -9, 5, -36, 38, 88, 4, -7, -3, 22, -13, 4, -12, -13, -1, -19, 0, -2, 36, 43, -1, -22, -6, -2, -12, 0, 13, 1, -6, -6, 21, -16, -23, 21, 17};
weights_conv[2] = {2, -23, 3, -5, 24, 21, 33, -11, 0, 7, -14, 11, 0, 6, 0, -2, 0, 5, 11, 2, 4, 7, 3, -7, 15, 26, 0, -10, 5, -3, 4, -6, 13, -8, -1, 9, 8, -11, 0, -4, -3, 7, 7, 6, -5, -24, 11, 0, -7, -9, 6, 8, 24, -21, 17, 0, -6, -24, 7, -11, -2, 1, -10, 0, 0, 13, 6, 16, 9, 26, 1, 12, 0, -6};
weights_conv[3] = {0, -16, 3, 12, -45, 10, 34, -54, 0, -12, 10, -9, 0, 2, 0, 6, 20, -27, -8, 1, 14, -22, 19, -25, 38, 2, 0, 14, 17, 22, 15, -5, 12, -7, 22, -5, 10, 3, -25, 23, 20, -8, 4, 10, -32, 20, 15, 13, -9, -24, 9, 9, -39, 81, 37, 0, -23, 12, -11, 32, -14, -2, -37, 24, 0, 1, -11, 0, -31, -17, 22, 0, -28, 3};
weights_conv[4] = {39, -48, -9, 1, 4, -6, -5, -10, 0, 12, -3, 0, 0, -8, 0, -7, -5, -7, 20, 13, -3, -10, -9, -2, 0, -3, 0, 13, 4, 6, -3, 8, -9, 4, -6, -17, -1, -6, 1, -5, 3, 1, -6, -2, 5, -20, 7, 0, -16, -8, 3, 2, 6, -13, 2, 0, 5, -7, 1, 1, 0, -12, 1, -13, 0, 5, 7, -4, 2, -2, -13, 11, -16, 6};
weights_conv[5] = {0, 0, 0, 0, 0, 0, 0, 0, 0, 0, 0, 0, 0, 0, 0, 0, 0, 0, 0, 0, 0, 0, 0, 0, 0, 0, 0, 0, 0, 0, 0, 0, 0, 0, 0, 0, 0, 0, 0, 0, 0, 0, 0, 0, 0, 0, 0, 0, 0, 0, 0, 0, 0, 0, 0, 0, 0, 0, 0, 0, 0, 0, 0, 0, 0, 0, 0, 0, 0, 0, 0, 0, 0, 0};
weights_conv[6] = {2, -34, -6, 12, -22, -44, -2, 13, 0, -3, -42, 64, 0, 1, 0, 16, -7, -10, -20, -13, -8, 4, -3, -17, -18, 25, 0, -1, -6, -6, -8, -1, -9, 17, -17, -14, -5, 13, 14, 22, 11, -3, -2, -9, 1, 37, 21, -18, -15, -16, 1, 3, -8, 36, 25, 0, -34, 9, 17, -22, -23, -16, -17, 12, 0, 13, -8, 17, -12, 3, 32, -12, -10, -33};
weights_conv[7] = {7, 28, -4, -4, -21, 12, -4, -21, 0, -4, 6, 2, 0, -12, 0, -29, 17, -33, -14, -22, 27, -15, -2, -6, -4, 18, 0, -2, 24, 3, 2, -6, 19, -5, -1, -9, 28, -16, 4, -28, 2, 0, -11, 19, -19, -14, -16, 0, -28, 9, 28, -17, 15, 6, -1, 0, 2, 12, -5, 8, 10, 0, 5, -22, 0, 18, -2, -25, -6, 12, -6, 5, -2, 7};
weights_conv[8] = {1, 15, 18, -18, -14, 3, -10, 11, 0, -17, 0, -5, 0, -6, 0, 4, 4, -8, -3, 3, -16, -1, 1, -14, -1, -6, 0, -33, -13, -22, -7, -1, 6, 12, 1, -10, -14, -8, -6, -12, -13, 5, -6, 1, 11, 17, 5, 0, 23, 8, -11, -17, -11, -7, 21, 0, -13, 5, 17, 15, -4, 14, -10, 10, 0, -10, -13, -1, -10, -3, -7, -2, 24, -5};
weights_conv[9] = {-17, -45, -18, -19, -14, -3, 7, 13, 0, -3, 5, 6, 0, -5, 0, -13, 7, -10, -4, -14, 1, 6, 15, -12, 10, 16, 0, 8, 0, 12, 14, -22, -7, -1, -6, -13, 9, 8, -4, -19, -30, -3, 9, -15, 4, -12, 13, -10, -16, -9, 1, 4, -6, 17, -4, 0, -17, 14, -3, 6, 19, -2, -6, 6, 0, 8, -2, -2, -3, -7, -5, 23, 13, -3};
weights_conv[10] = {-12, -11, -5, 6, -30, 1, -8, 1, 0, 25, -3, 14, 0, 17, 0, -2, -20, 4, 5, -7, -8, -1, -3, -11, 12, 24, 0, -12, -2, 15, -12, 9, -16, -7, -4, -2, -5, -11, -14, -1, 8, 2, -14, 4, 9, 17, -14, 11, 1, 13, -6, 1, 7, 5, -2, 0, -3, 3, 17, 12, -4, 2, 5, 26, 0, -1, -2, 4, -6, -3, -1, -15, 18, 4};
weights_conv[11] = {0, 0, 0, 0, 0, 0, 0, 0, 0, 0, 0, 0, 0, 0, 0, 0, 0, 0, 0, 0, 0, 0, 0, 0, 0, 0, 0, 0, 0, 0, 0, 0, 0, 0, 0, 0, 0, 0, 0, 0, 0, 0, 0, 0, 0, 0, 0, 0, 0, 0, 0, 0, 0, 0, 0, 0, 0, 0, 0, 0, 0, 0, 0, 0, 0, 0, 0, 0, 0, 0, 0, 0, 0, 0};
weights_conv[12] = {3, -27, -19, -17, -12, -8, 18, 15, 0, 6, -33, 5, 0, -15, 0, -16, -4, 2, -15, 1, 11, 5, 3, 2, -13, 8, 0, 3, 11, -5, -15, -1, 14, 8, -13, -12, 19, -7, -10, 1, -11, 0, 5, 6, 10, -15, 7, -1, -5, -7, 19, 0, -2, 3, -35, 0, -14, -13, 2, -4, -9, 6, 0, -17, 0, 20, 0, -27, 5, 1, 0, 0, 9, 5};
weights_conv[13] = {-16, -28, -3, 11, 2, -4, 17, 4, 0, 4, 0, -26, 0, -26, 0, 8, -2, -13, 40, 7, 7, -3, 2, 12, -1, -7, 0, 28, 4, 3, 7, -1, 7, -11, -15, 2, 10, 0, -3, 8, -9, -2, -9, 9, 6, -19, -17, -2, 3, 4, 2, -16, 3, -5, 36, 0, -4, 0, -1, 44, 23, -8, -18, 5, 0, 6, 6, -3, -2, -16, -20, 18, -5, 1};
weights_conv[14] = {0, -2, 5, 2, 0, -57, -1, 7, 0, -2, -4, -12, 0, -8, 0, -25, -9, -14, -18, -1, 53, 1, 17, 5, -23, -38, 0, -39, 37, 16, -9, 15, -7, 26, -11, 6, 38, -8, 10, -19, -3, 1, 0, -20, 7, 10, -13, 7, 5, 15, 41, -27, 15, 27, -28, 0, 14, -14, 12, -12, 18, -3, 0, 5, 0, 22, -12, -8, 5, -21, -15, 31, 2, 11};
weights_conv[15] = {26, -26, -9, -18, -14, -1, 14, 16, 0, 17, -20, 13, 0, -5, 0, 17, 3, -5, 10, -1, -3, 4, -1, -5, 0, -37, 0, 0, -2, -72, -8, -21, 27, 3, 26, 1, -5, -22, -2, 49, 1, -10, 9, -23, 0, 8, -14, -55, 54, 26, -2, 5, -36, 9, -5, 0, -5, 9, 6, 17, 9, 24, -14, -64, 0, -2, -21, 13, 10, -27, -24, 14, -3, 15};
weights_conv[16] = {0, 0, 0, 0, 0, 0, 0, 0, 0, 0, 0, 0, 0, 0, 0, 0, 0, 0, 0, 0, 0, 0, 0, 0, 0, 0, 0, 0, 0, 0, 0, 0, 0, 0, 0, 0, 0, 0, 0, 0, 0, 0, 0, 0, 0, 0, 0, 0, 0, 0, 0, 0, 0, 0, 0, 0, 0, 0, 0, 0, 0, 0, 0, 0, 0, 0, 0, 0, 0, 0, 0, 0, 0, 0};
weights_conv[17] = {21, -90, -12, -1, -9, 8, 13, 5, 0, 13, -11, -7, 0, -2, 0, 8, -42, 13, 10, -57, 18, -3, 27, -3, 65, -6, 0, -39, 19, -13, 15, 14, 3, -26, 5, 105, 16, 3, 3, -45, 30, -18, 11, 21, -8, 72, -41, 10, -4, -17, 20, 1, 1, -6, -15, 0, 41, -28, 16, 10, 28, -2, -34, -9, 0, 1, 24, -8, 42, -31, 16, 23, 42, 4};
weights_conv[18] = {0, 0, 0, 0, 0, 0, 0, 0, 0, 0, 0, 0, 0, 0, 0, 0, 0, 0, 0, 0, 0, 0, 0, 0, 0, 0, 0, 0, 0, 0, 0, 0, 0, 0, 0, 0, 0, 0, 0, 0, 0, 0, 0, 0, 0, 0, 0, 0, 0, 0, 0, 0, 0, 0, 0, 0, 0, 0, 0, 0, 0, 0, 0, 0, 0, 0, 0, 0, 0, 0, 0, 0, 0, 0};
weights_conv[19] = {0, -22, -4, -14, 7, 16, -5, 15, 0, -8, -24, 28, 0, -4, 0, -9, 2, 5, 5, 3, -7, 14, -11, -22, 5, 18, 0, -29, -2, -7, -4, -1, -4, -9, 4, -22, -10, -8, -5, -17, 9, -13, 3, 13, 9, 25, 4, -5, 8, -7, -6, -6, 8, 21, 3, 0, -11, 3, 11, 11, -35, 2, -1, 10, 0, -9, -11, -13, -11, 4, -5, -10, 1, -1};
weights_conv[20] = {2, 82, 6, -18, -9, 11, -3, 3, 0, 29, -19, 22, 0, -25, 0, -17, 1, -9, 11, -16, 17, 7, 2, -18, -12, 4, 0, 9, 21, -20, -37, 7, 34, -19, 15, -18, 18, -34, -18, -34, -12, -13, -23, 77, 50, 33, -9, -9, 16, 6, 18, -30, 3, 22, 21, 0, -21, 30, 8, 25, -13, 7, 12, 14, 0, 11, 15, -1, -18, -3, -28, 0, 28, 11};
weights_conv[21] = {3, -45, -7, 17, -4, 2, 33, 29, 0, 11, -24, 0, 0, 2, 0, -10, 2, 16, 5, 15, -15, 34, 1, -19, -17, 2, 0, -16, -11, -27, -13, 2, 12, -13, 1, -5, -17, -10, 9, 0, -10, 7, 1, -6, 6, 3, 1, -29, -22, 9, -13, 19, -12, -28, 36, 0, -7, -27, 7, -14, 15, 0, -11, -15, 0, 13, -8, 5, 10, 0, 10, -1, 16, 5};
weights_conv[22] = {5, 50, 1, 42, 1, -18, 13, 16, 0, 7, -10, -23, 0, 12, 0, 5, -16, 10, 23, -7, 5, -11, 3, 27, 9, -6, 0, 33, 3, -12, 2, 11, -14, -18, 3, 23, 2, -10, -5, 8, -8, -12, 36, 24, -14, 6, 21, 7, 25, -6, 3, -5, -1, 10, 8, 0, -11, -20, -14, 31, 2, 5, -3, -10, 0, -3, -4, -2, 19, -3, 17, 14, 0, 5};
weights_conv[23] = {-17, -18, -23, 16, -17, 17, 12, -5, 0, -27, 18, 4, 0, -1, 0, -13, -4, -18, 3, 17, 12, -19, -23, 9, -11, -25, 0, -2, 4, 5, 0, -10, 7, -15, 17, -5, 2, -4, 5, 21, 1, -2, -9, -38, 10, 0, -11, -16, 24, 36, 4, 18, -11, -9, -4, 0, -10, -7, -12, -43, 6, 18, -9, 8, 0, -1, 1, -11, 1, 6, 18, 9, 6, -3};
weights_conv[24] = {-1, -3, 4, -13, 9, -30, 16, 2, 0, 6, 1, -6, 0, 11, 0, -16, 8, -9, -6, 5, 23, 2, 21, 6, -12, -14, 0, -11, 18, 0, 10, -2, 1, 21, -17, -23, 17, 5, 1, 2, 9, -1, 2, -10, -22, -11, -2, 3, -4, 4, 19, -11, 2, -30, -36, 0, -7, -3, 3, 1, -8, 12, 1, 1, 0, 10, -6, -3, -1, -19, -23, 17, 4, 3};
weights_conv[25] = {1, -26, 0, -10, -9, -25, -2, 3, 0, 12, -14, 4, 0, -18, 0, -4, 3, -8, -13, 5, 23, 6, -2, -1, -14, 7, 0, -1, 18, -8, -7, -3, -5, 16, -6, -4, 17, 9, 13, 11, 15, 7, -3, 8, -6, -20, 19, 1, -10, -15, 15, 0, 0, 12, 21, 0, -10, 4, 23, -10, -9, -14, -9, -11, 0, 12, -7, 2, 0, -11, -5, 10, -12, 1};
weights_conv[26] = {9, -18, -8, 8, 5, 8, -9, -4, 0, -4, 23, -24, 0, 12, 0, 7, 4, -22, 18, 17, 2, -2, 9, 24, -15, -32, 0, -7, 1, 15, -13, -2, -6, 5, -8, 0, 1, -16, -4, 5, 9, 8, 9, -5, -12, 3, -9, -11, 4, 12, 1, -28, 13, -25, 5, 0, 50, 20, 15, 4, 16, 16, 1, 1, 0, 7, -6, 14, 6, 4, -29, 6, -3, 12};
weights_conv[27] = {5, -15, -15, 7, -14, 22, -32, -7, 0, -1, -10, -7, 0, -9, 0, 13, -32, 10, 18, -21, -13, -31, -16, -3, 37, -8, 0, 13, -7, 23, -5, 49, 24, 26, -2, -1, -9, 6, -5, 9, -15, 4, -7, 8, -8, 16, 3, 32, 1, -20, -8, 7, 32, 0, 9, 0, -11, -9, -9, 3, -4, -13, 26, -19, 0, -5, -8, -5, 14, -24, 13, -5, 18, 5};
weights_conv[28] = {-17, -8, -40, 13, 8, 17, 25, 10, 0, 12, 4, 1, 0, -18, 0, -29, 2, -13, 48, -4, 20, -4, -16, 0, -8, 1, 0, 39, 16, 1, 10, -48, -24, -39, 0, 0, 20, 7, -22, 20, 51, -10, -13, -17, -6, -18, -21, 0, 3, -3, 13, -15, 18, -30, 1, 0, -2, -27, 21, 6, -10, 2, -3, -32, 0, 6, 23, -9, 29, 43, -6, 13, 1, -12};
weights_conv[29] = {-10, -62, -39, 6, -25, 3, 18, 6, 0, -10, 13, 2, 0, -1, 0, -21, -1, 20, -27, -14, 19, 5, 28, 0, -2, -38, 0, 20, 12, -20, -11, -3, 33, 3, 24, -20, 19, 18, -1, 12, -4, 16, 9, -6, -8, 2, 0, -10, 7, -25, 9, -7, 4, -6, -15, 0, -2, 7, 13, -12, -19, 6, 1, 10, 0, 1, 16, -15, 0, 1, 7, 8, -15, -12};
weights_conv[30] = {0, 0, 0, 0, 0, 0, 0, 0, 0, 0, 0, 0, 0, 0, 0, 0, 0, 0, 0, 0, 0, 0, 0, 0, 0, 0, 0, 0, 0, 0, 0, 0, 0, 0, 0, 0, 0, 0, 0, 0, 0, 0, 0, 0, 0, 0, 0, 0, 0, 0, 0, 0, 0, 0, 0, 0, 0, 0, 0, 0, 0, 0, 0, 0, 0, 0, 0, 0, 0, 0, 0, 0, 0, 0};
weights_conv[31] = {1, 114, 9, 11, -5, 1, 5, 20, 0, 7, 12, 2, 0, -21, 0, 7, -4, -20, 22, -14, 44, 5, -11, 23, -16, -11, 0, 39, 28, -20, 7, -1, 3, 5, -3, 0, 31, -16, -8, -27, 0, 3, 4, -1, 16, 5, -19, 2, -3, 10, 32, 3, 15, -14, 22, 0, -20, 2, 16, 11, 4, 2, 21, 10, 0, 20, 15, 13, -4, -1, -30, 20, 11, 7};
weights_conv[32] = {23, -103, -5, -7, 5, 15, -37, 18, 0, 9, 29, 17, 0, 9, 0, 3, -20, 1, -26, 5, -7, -15, 7, -14, 11, -12, 0, 4, 0, -2, 20, 1, 13, 33, -4, -14, -2, -10, -45, 0, 3, 5, 4, -1, -10, 0, 25, 7, 16, 0, -2, 28, -12, -2, -4, 0, 5, 15, -25, -8, 28, 6, -19, -6, 0, 5, 0, -16, 0, -15, -5, 17, -3, 9};
weights_conv[33] = {-20, -37, -19, 4, -5, 1, 14, 4, 0, 8, 9, -16, 0, -15, 0, -5, -20, -9, 29, -15, 6, -18, -19, -1, -8, 1, 0, -4, 10, -1, 31, 0, 1, 5, 1, -22, 8, -17, 5, -12, -5, 3, 3, 7, -9, -1, 5, -10, -10, 24, 1, -2, 4, -1, 6, 0, -23, 12, -2, -5, -5, 1, -9, -10, 0, 8, -5, -14, 3, 11, 3, 3, 2, 1};
weights_conv[34] = {0, 0, 0, 0, 0, 0, 0, 0, 0, 0, 0, 0, 0, 0, 0, 0, 0, 0, 0, 0, 0, 0, 0, 0, 0, 0, 0, 0, 0, 0, 0, 0, 0, 0, 0, 0, 0, 0, 0, 0, 0, 0, 0, 0, 0, 0, 0, 0, 0, 0, 0, 0, 0, 0, 0, 0, 0, 0, 0, 0, 0, 0, 0, 0, 0, 0, 0, 0, 0, 0, 0, 0, 0, 0};
weights_conv[35] = {1, -28, -4, -17, -10, -29, 2, 7, 0, -10, 17, -3, 0, -2, 0, 1, 13, -21, -19, -14, 34, -12, 9, 19, -17, -23, 0, -35, 30, -20, -10, -12, 2, -6, -8, 3, 37, 4, 2, -6, -5, -10, -10, -13, -15, 3, -24, -1, 1, 23, 32, -10, -11, 19, -15, 0, 3, -16, -1, -30, -10, 28, -1, 8, 0, 23, -21, -14, -14, -11, -55, 19, -8, -1};
weights_conv[36] = {0, -9, -4, 8, 10, 17, 13, -8, 0, 4, 13, 8, 0, 0, 0, 4, 13, 2, 3, -16, 30, 7, 4, -11, 19, 6, 0, 9, 18, -11, 18, -36, -10, 2, -7, 4, 25, 0, 5, 7, 1, -1, 6, -7, 11, -6, -9, -18, -12, 1, 14, 4, 29, -13, -5, 0, -1, -4, 8, -2, 17, -1, 26, -13, 0, 0, 34, 0, 11, 18, -24, 11, -6, 17};
weights_conv[37] = {-1, 75, 8, -1, -11, 48, -1, 8, 0, -10, 11, 5, 0, 18, 0, 13, -13, 41, 31, 3, 15, 11, 13, 26, 14, -4, 0, 19, 7, -8, -3, 2, -6, 9, 26, -34, 9, 19, -12, 28, -3, 0, 9, 5, -13, -29, -4, 6, -14, -5, 4, 17, -19, 5, -2, 0, 20, -8, 33, 40, 3, 8, 17, -12, 0, 9, -7, 29, 11, 18, -25, 4, 18, 43};
weights_conv[38] = {29, -28, -7, -4, -7, -3, -1, -3, 0, -1, -1, 2, 0, 1, 0, 1, -10, -9, 12, -9, -1, -15, -15, -8, -6, 18, 0, 0, 5, -1, 15, 10, -5, 4, -6, -4, 9, 0, -7, -4, -8, -7, -2, -1, -10, -5, 10, 4, 0, 0, 0, -6, 4, 4, -5, 0, -16, 1, -9, 6, 8, -8, 0, 3, 0, 14, -4, 4, 5, 0, -8, 8, -5, -7};
weights_conv[39] = {3, -15, -37, 9, -5, 1, -5, -6, 0, 5, -11, -8, 0, 1, 0, -29, 25, -2, -3, 8, 19, -2, -1, -9, -8, 2, 0, 6, 13, 8, 8, -83, 3, -18, 0, -15, 15, 16, -17, -6, -2, -41, -10, -4, -24, 7, -8, -37, -1, -10, 14, -18, -11, -5, -1, 0, -16, -4, -6, -2, -1, -3, -9, 9, 0, 9, -10, -13, 0, 20, -13, 10, -9, 5};
weights_conv[40] = {-2, -69, -35, 17, 0, 13, 26, 23, 0, 23, 11, -2, 0, 41, 0, -4, -29, 25, 20, -18, 22, 35, 21, -25, 19, -17, 0, -13, 19, -38, 21, 3, 19, -38, -4, -4, 18, -45, -18, -8, -26, -1, 3, 11, 19, 23, -40, 13, 2, 22, 12, -7, -31, -21, -5, 0, -15, -7, 20, -18, -20, -22, 5, 35, 0, 21, -39, 9, 6, 29, 38, -4, 50, 18};
weights_conv[41] = {-11, -33, -24, -16, -11, -9, 16, 36, 0, 28, -17, 3, 0, -4, 0, 4, -13, -12, 14, 20, 15, -2, 19, 11, 6, -31, 0, 86, 21, -29, -7, 7, -19, 27, 4, -8, 19, -2, 10, 25, -9, 5, 4, -29, 8, -6, -1, -2, 4, -1, 20, -9, -24, -3, 16, 0, -11, 20, 8, 33, 4, -4, -7, -43, 0, 9, -21, -8, 4, -2, 2, 8, -2, 10};
weights_conv[42] = {0, 0, 0, 0, 0, 0, 0, 0, 0, 0, 0, 0, 0, 0, 0, 0, 0, 0, 0, 0, 0, 0, 0, 0, 0, 0, 0, 0, 0, 0, 0, 0, 0, 0, 0, 0, 0, 0, 0, 0, 0, 0, 0, 0, 0, 0, 0, 0, 0, 0, 0, 0, 0, 0, 0, 0, 0, 0, 0, 0, 0, 0, 0, 0, 0, 0, 0, 0, 0, 0, 0, 0, 0, 0};
weights_conv[43] = {-38, -60, -4, -19, 0, 2, -1, 0, 0, -18, 11, 3, 0, -4, 0, -3, 17, -8, 4, -15, 11, 10, 3, -5, 6, 0, 0, 3, 10, 3, 23, -2, 2, 1, -4, -15, 10, -8, -4, 7, 12, -6, 20, -4, -5, -4, -4, 2, 5, 9, 12, 7, 1, 2, -15, 0, 10, 3, -11, 2, 2, -6, -1, 3, 0, 11, 18, -8, -9, -2, 8, -2, -6, 6};
weights_conv[44] = {-11, -8, 9, 1, -6, 5, -13, 19, 0, 21, 12, 10, 0, 18, 0, 1, 1, -17, -6, -2, 3, -1, 7, -16, -3, -23, 0, -3, 5, -8, 2, -101, 5, -35, 40, 44, 3, -50, 3, 16, 2, -82, 0, 0, 1, -9, -31, -30, 5, -9, -2, -49, -17, -25, -9, 0, 10, -17, 10, 19, 11, -13, -12, -29, 0, -4, -19, 0, 22, 44, -20, 16, -11, 9};
weights_conv[45] = {17, -53, 7, -14, -17, -12, 7, -16, 0, 2, -26, -1, 0, -20, 0, -5, -24, 6, -6, -10, -16, 10, -19, 27, 25, -10, 0, -15, -8, -22, -18, 29, 4, 17, -9, -13, -14, -20, -5, -9, 35, 22, -5, 9, 23, -11, 3, 46, 13, 12, -10, 0, -19, 18, 5, 0, 30, 8, 22, 15, 25, 9, -9, -19, 0, -3, 13, -13, 20, 5, -9, 3, -1, 7};
weights_conv[46] = {2, -18, -16, -27, -14, 1, -8, 5, 0, -15, -12, -24, 0, 8, 0, -20, -48, 6, -3, 5, -7, 5, -11, 4, 14, -12, 0, -23, -5, 2, -3, 12, 10, 8, 10, -4, -6, -18, -17, 15, 12, 6, -16, -19, -25, 30, -25, 29, -5, -5, -4, -21, -31, 24, 6, 0, 9, -8, -4, -25, -5, 16, -7, 24, 0, -4, -1, 5, -11, -29, 3, -2, 30, 2};
weights_conv[47] = {-27, -60, -9, -1, -6, -9, 0, 11, 0, -5, 20, 7, 0, 0, 0, -5, -9, 29, 14, -6, 0, -6, -1, -8, 11, -7, 0, 10, 1, -3, -3, 10, -6, 15, -20, -19, -8, -9, -8, 2, 12, -6, -12, -13, 11, -13, 2, 10, -9, -4, 1, 5, 15, -16, 23, 0, 11, 11, 9, 5, 8, -2, 5, 10, 0, 2, 14, -7, 5, -3, -11, -1, -3, -19};
weights_conv[48] = {-3, 3, -17, -15, -7, 12, 3, 0, 0, 5, -13, 10, 0, 1, 0, -12, 14, 7, 2, 6, -14, -6, -2, 20, 3, -2, 0, -20, -8, -14, -10, -31, 10, -9, 8, 10, -11, -6, -15, 5, 8, -21, 1, 8, 6, -5, 15, 11, 1, 9, -7, -3, -18, -3, 6, 0, 25, 6, 3, 8, 6, 10, -16, -23, 0, -7, -15, -6, -9, 35, -18, -5, -2, 12};
weights_conv[49] = {0, 6, 3, -11, 4, 3, 1, 6, 0, 10, -2, 5, 0, -11, 0, 1, 0, -12, 16, -7, -15, 9, -6, 10, -5, -11, 0, -4, -7, 2, -16, -13, 3, -19, 6, 15, -16, -24, 2, -15, -8, -19, -4, 10, 9, 6, -17, -14, 18, 11, -8, -6, 9, -9, 9, 0, -20, 4, 12, 9, 10, 1, 2, 2, 0, 1, -2, 0, -3, 1, -6, 6, 0, 12};
weights_conv[50] = {-32, -29, -4, 19, 1, 2, 25, 6, 0, -6, 12, -3, 0, 0, 0, -13, -11, -19, -16, 6, -21, -10, 4, -5, -10, -8, 0, 0, -16, 3, -13, -10, -14, -1, 1, -6, -22, 15, -9, 1, 4, 21, -8, 3, -17, 8, 5, 8, 9, -2, -15, 18, 0, -4, -8, 0, 1, -13, -7, -7, 12, 13, 2, 7, 0, -16, -3, -10, -3, 0, 3, -3, 2, 4};
weights_conv[51] = {-35, -3, -12, -3, -7, -10, -8, 1, 0, -4, 2, -7, 0, -1, 0, -8, 3, 4, -6, -3, 10, -7, 4, -1, -7, 3, 0, 10, 5, 0, -11, -6, 1, -1, -4, -15, 8, -16, 26, 3, 1, -9, -2, 9, -12, -8, -5, -11, 7, -2, 6, 4, 4, -2, -15, 0, -3, -1, -9, 4, 0, -12, 3, 4, 0, 4, -3, 6, -6, 1, 5, 0, -7, -6};
weights_conv[52] = {0, -11, 3, -16, 1, 25, 0, 27, 0, -4, -1, 13, 0, -1, 0, 11, -6, -21, -7, 9, 0, 18, 3, -15, -1, -5, 0, -22, -2, -7, -5, 4, 2, 19, 3, -15, -2, -35, 4, -19, 2, 20, 5, 11, 19, 5, 8, 18, 22, -3, 1, -4, 29, -9, -10, 0, -28, -4, -3, 7, 7, -1, 16, 2, 0, -10, -10, 12, 3, 18, -14, -13, 16, 22};
weights_conv[53] = {-55, -16, 5, -17, 3, -8, 19, -3, 0, 16, -10, -2, 0, 5, 0, -7, 0, -10, 0, -5, 9, -5, 9, -9, -11, 4, 0, 2, 9, -7, -2, -1, -4, -6, -15, -13, 14, -9, 4, 11, 8, 5, 4, -6, 16, -3, -2, -6, -3, -1, 10, -8, 0, 7, -29, 0, -16, 2, -3, 10, 0, -13, -13, -10, 0, 9, -6, 9, -19, -4, -23, 9, 4, 3};
weights_conv[54] = {0, 0, 0, 0, 0, 0, 0, 0, 0, 0, 0, 0, 0, 0, 0, 0, 0, 0, 0, 0, 0, 0, 0, 0, 0, 0, 0, 0, 0, 0, 0, 0, 0, 0, 0, 0, 0, 0, 0, 0, 0, 0, 0, 0, 0, 0, 0, 0, 0, 0, 0, 0, 0, 0, 0, 0, 0, 0, 0, 0, 0, 0, 0, 0, 0, 0, 0, 0, 0, 0, 0, 0, 0, 0};
weights_conv[55] = {11, -5, -7, 0, -11, 16, -6, -10, 0, -4, -15, -7, 0, 3, 0, -8, -9, -1, -5, 8, -25, 8, -7, 0, 1, -14, 0, -13, -11, 9, 3, -14, 0, 0, 8, 0, -11, 7, -15, 0, 7, 4, -5, -16, -13, 4, -7, -4, -7, 2, -12, 2, -7, -7, 6, 0, -3, -4, -1, -27, -4, -7, 0, -8, 0, -6, -3, -9, -14, 7, -9, -5, 7, 3};
weights_conv[56] = {-16, -6, -2, 2, -18, -8, -16, -20, 0, -4, 44, 27, 0, 13, 0, -14, 14, -12, 7, -3, 0, -13, 15, 18, -8, 16, 0, -8, -1, 11, 7, -7, -5, -16, -7, -2, -5, -21, -11, -3, 6, 3, 12, 10, -17, 11, -21, 8, 3, 5, -1, -5, 5, 9, 14, 0, 0, 3, 4, 4, 3, 2, 8, -11, 0, 0, 12, 14, -13, 24, 21, -16, 7, -9};
weights_conv[57] = {1, -130, 9, 35, -14, -15, 18, 59, 0, 18, 13, -1, 0, -59, 0, 22, 32, 10, 28, 1, -28, 39, 40, 84, -10, -75, 0, 5, -2, -29, 11, 12, -18, 1, 9, -20, 15, 29, -26, -11, 11, 0, -15, 21, 11, 11, -26, 22, 9, 36, 13, 37, -64, -9, -40, 0, -8, 20, 8, 57, 18, 73, 28, -39, 0, 21, 4, 6, 33, -33, -46, 25, 20, 46};
weights_conv[58] = {-23, -38, -4, 6, -9, 3, -11, -10, 0, -2, 21, -6, 0, 1, 0, -5, -4, -10, -9, -2, 6, -9, 2, 4, -9, 19, 0, 10, 5, -10, -16, 0, 5, 11, 1, -12, 4, 7, 22, 7, 1, -7, 1, -3, -3, -2, 3, 3, 21, -21, 5, 2, 15, 11, -7, 0, 3, 0, -6, 8, 11, 7, 5, -8, 0, 3, -1, 20, 5, -7, -7, 11, -3, -17};
weights_conv[59] = {-18, 20, -33, -6, 4, 21, 19, -13, 0, 7, 10, 22, 0, -24, 0, 6, -30, -13, 1, 0, 14, -38, 7, -8, -7, -9, 0, -12, 3, 8, 2, -13, 7, 24, 56, -16, 15, 3, -18, 16, -22, 19, -10, -15, -12, 3, 65, 2, 6, 5, 1, -1, -4, 20, 5, 0, 20, -8, -10, 3, -23, 6, 0, 1, 0, -2, -9, 3, 20, 0, 14, -15, -14, -16};
weights_conv[60] = {1, 6, 2, -4, 16, -10, 38, -13, 0, 5, -18, 13, 0, -3, 0, 16, -3, 7, -10, -5, 24, 27, -15, -11, -2, 13, 0, -9, 21, 17, 5, 4, -22, -11, -2, 2, 18, 18, -8, -8, 4, -1, 6, 10, 3, -12, 1, 13, -4, -16, 18, 1, -9, 3, 22, 0, -24, 5, 5, 2, -10, -5, 0, -3, 0, 14, 15, 5, 8, -2, 5, 15, -4, 9};
weights_conv[61] = {-8, 64, -29, 25, -12, 21, 18, -10, 0, 1, 25, 1, 0, -15, 0, -7, -8, -22, 4, -16, 21, -18, -3, 3, 4, 5, 0, -2, 8, 19, 22, -10, 11, -2, 17, -19, 13, 27, -12, -8, -16, 4, 13, 7, -15, 3, 17, -4, 8, 2, 13, 3, 2, 19, -4, 0, 1, -13, -31, -3, -4, -10, 10, 8, 0, 1, -1, 16, -8, 11, 12, -2, -10, -6};
weights_conv[62] = {-5, -10, 5, -1, -19, 40, 5, -15, 0, 19, -2, 3, 0, 21, 0, -4, 4, 35, 11, 35, 13, -3, -1, 7, -4, 9, 0, 3, 19, 13, -16, -44, -3, 4, 1, 6, 17, 6, -7, 16, -5, 0, 2, -18, -2, 22, -58, 19, 18, 10, 8, -9, -2, -20, 25, 0, 20, -11, 16, 33, 3, 6, 5, 34, 0, -1, 6, -8, -2, 34, -3, -14, -2, -7};
weights_conv[63] = {-23, -13, -3, -10, -3, -12, 6, 3, 0, 2, -4, -1, 0, -6, 0, 0, -8, 5, -6, 1, -1, -11, 16, 8, -4, -12, 0, 1, 0, 11, 0, -7, 8, 2, -7, 0, -1, -3, -19, -9, 11, -11, -4, 33, 10, 9, 8, -12, 9, -7, -4, -15, -1, -14, -14, 0, 18, 3, -7, 6, -10, -4, -1, -2, 0, 2, 0, 7, -1, -6, 5, -10, -15, -10};
weights_conv[64] = {31, -47, -24, -4, -21, 1, -8, -7, 0, -10, 11, -3, 0, -1, 0, -12, -11, 21, -20, -12, 4, -10, 7, -8, -15, 7, 0, 15, 6, -10, -24, 0, 20, -4, 2, -10, 11, 3, -8, 5, -7, 4, -18, 4, -11, -11, 7, -5, -17, -8, 0, -12, -2, 7, -5, 0, -21, 3, 5, 9, -2, 2, -1, 1, 0, 17, -6, 4, -6, 33, -9, 11, 10, -1};
weights_conv[65] = {1, 16, -17, 4, -6, 25, -1, -7, 0, -7, -16, -13, 0, -1, 0, 2, 6, -3, -2, -12, -20, 6, -9, 7, 9, -5, 0, 11, -10, 3, -8, -13, -4, 0, 26, 6, -14, -5, -13, 12, -4, 8, -4, 0, -8, -10, -2, -2, 3, -5, -7, -6, -6, -6, 29, 0, 6, -3, 2, -1, -2, 4, -14, -17, 0, -10, 6, -10, 3, 14, 4, -1, 11, 9};
weights_conv[66] = {-6, 17, 12, -13, 1, 23, -9, 2, 0, 23, 4, -2, 0, 0, 0, 16, 8, 3, 13, -12, -18, 0, 3, -16, -7, -9, 0, -16, -13, -4, -5, -8, 16, -3, 12, -22, -18, -2, -13, 5, -5, -1, 4, 1, 12, 9, -8, -14, 11, 1, -14, -11, 13, -12, 27, 0, 4, -9, 16, 8, -5, 2, 6, 12, 0, -8, -19, -11, -1, 4, 0, 5, 18, 3};
weights_conv[67] = {1, -10, -22, -40, -32, 15, -11, 35, 0, -9, 7, -16, 0, -1, 0, 0, 2, 60, 8, -36, 1, -3, 0, 20, 18, 27, 0, -1, 7, -17, -8, 8, 20, -21, 16, 8, 8, -5, 4, -17, -20, 19, -31, 20, 31, 0, -22, 7, -8, 10, 8, -17, -7, -2, 6, 0, -17, 22, 12, 34, 35, 21, 2, -16, 0, 2, 16, -10, 0, 5, -9, 5, 39, -4};
weights_conv[68] = {-15, -35, 31, 5, -3, -6, 4, -6, 0, 6, -10, -19, 0, -10, 0, -2, -2, 0, 20, 37, 8, 8, -2, 7, 33, -18, 0, 15, 1, -9, -10, 6, 10, 6, -8, 27, 0, -18, -18, 2, 13, 14, -3, 2, -4, 2, 17, 27, 3, 31, 3, 25, -12, 2, -7, 0, 14, 29, 2, 29, 19, 8, 2, -42, 0, 2, -9, -1, 20, 8, -35, 8, -10, 40};
weights_conv[69] = {0, 0, 0, 0, 0, 0, 0, 0, 0, 0, 0, 0, 0, 0, 0, 0, 0, 0, 0, 0, 0, 0, 0, 0, 0, 0, 0, 0, 0, 0, 0, 0, 0, 0, 0, 0, 0, 0, 0, 0, 0, 0, 0, 0, 0, 0, 0, 0, 0, 0, 0, 0, 0, 0, 0, 0, 0, 0, 0, 0, 0, 0, 0, 0, 0, 0, 0, 0, 0, 0, 0, 0, 0, 0};
weights_conv[70] = {-11, -1, -1, 10, -12, -3, 12, -15, 0, 1, 0, 3, 0, -1, 0, 8, 3, -7, -11, -4, -16, 7, -6, -10, -5, 10, 0, -1, -13, 0, -12, 0, -13, -4, 3, 2, -21, 4, -8, -4, 13, -3, 5, 5, -1, 3, 12, 0, 3, -7, -16, 3, -4, 5, 14, 0, -2, -5, 2, 4, -7, 5, 0, 15, 0, -11, 1, -3, 2, -2, 10, -10, -11, 4};
weights_conv[71] = {5, -53, 7, 7, 5, -2, -1, 20, 0, 6, 7, 18, 0, 9, 0, 36, 1, 2, 1, 2, -1, 10, 9, -23, 44, 14, 0, -44, 0, 3, -2, 18, -19, 22, 14, 9, 3, -10, -16, -6, 24, 16, 11, -10, 0, -13, -6, 43, -13, -2, 0, 0, 47, -2, 2, 0, 23, 14, 4, -5, 26, -6, -12, -18, 0, 8, -6, 3, 51, -24, 17, 9, 10, -15};

Bias (8 bit):
bias_conv = {-1996, -614, 0, -2398, -2493, -1331, -151, 383, -28, -2692, -1621, -1457, -1298, -391, -2957, -1076, 1000, 0, 411, -1778, 211, -510, -516, -422, -332, 236, -626, 1042, -1071, 0, -1601, -3343, 1879, 462, -4114, -1747, 2285, 0, 370, -264, -2990, 0, -515, -543, -610, -1017, 449, 583, -884, -3200, -1132, -2276, -955, 0, -3561, 0, -330, -373, -1016, 1652, 0, -1046, -152, -883, 552, -842, 0, 1025, -2193, -1570, -1962, 629};
Input range (8 bit):
 [-7, -6, -5, -4, -3, -2, -1, 0, 1, 2, 3]
Output range (8 bit):
 [-163, -139, -116, -93, -70, -46, -23, 0, 23, 46, 70]
