Input scale (32 bit):
 307611872
Input zero point:
 106
Weight scale (32 bit):
 25799738
Weight zero point:
 130
Output scale (32 bit):
 305848640
Output zero point:
 119
M scale (32 bit):
 25948474
Weight (8 bit):
weights_conv[0] = {0, 7, 0, 0, -33, -16, 49, 0, 0, 0, 0, 0, 0, -50, -21, -4, 0, -28, 15, 0, -23, 0, 0, 6, -59, 46, 30, -18, -2, 0, 0, -2, -74, 0, -94, 0, -26, -21, 0, 0, 0, 84, 47, 0, 0, -7, -20, 0, 0, 0, 0, -4, 0, 0, -12, 0, -18, -13, 0, 0, 0, 0, 0, 44, 0, -19, 0, 0, 0, -54, 0, 0};
weights_conv[1] = {0, 0, 0, 0, 0, 0, 0, 0, 0, 0, 0, 0, 0, 0, 0, 0, 0, 0, 0, 0, 0, 0, 0, 0, 0, 0, 0, 0, 0, 0, 0, 0, 0, 0, 0, 0, 0, 0, 0, 0, 0, 0, 0, 0, 0, 0, 0, 0, 0, 0, 0, 0, 0, 0, 0, 0, 0, 0, 0, 0, 0, 0, 0, 0, 0, 0, 0, 0, 0, 0, 0, 0};
weights_conv[2] = {0, 1, 0, 0, -34, -19, -79, 0, 0, 0, 0, 0, 0, -10, -22, 10, 0, 7, -34, 0, -5, 0, 0, 43, 84, 11, -24, 0, 27, 0, 0, -3, -10, 0, -18, 0, 7, -3, 0, 0, 0, -20, -5, 0, 0, 14, -64, 0, 0, 0, 0, -39, 0, 0, -48, 0, 29, -21, 0, 0, 0, 58, 0, -14, 0, -51, 0, 0, 0, -25, 0, 0};
weights_conv[3] = {0, -35, 0, 0, 17, -39, 47, 0, 0, 0, 0, 0, 0, -69, 10, 0, 0, -55, -26, 0, -35, 0, 0, 56, -63, -25, 21, 27, 22, 0, 0, -78, -33, 0, -1, 0, -8, 38, 0, 0, 0, 27, 77, 0, 0, -11, -51, 0, 0, 0, 0, -6, 0, 0, 12, 0, -77, -16, 0, 0, 0, -7, 0, 3, 0, -27, 0, 0, 0, 26, 0, 0};
weights_conv[4] = {0, 0, 0, 0, 0, 0, 0, 0, 0, 0, 0, 0, 0, 0, 0, 0, 0, 0, 0, 0, 0, 0, 0, 0, 0, 0, 0, 0, 0, 0, 0, 0, 0, 0, 0, 0, 0, 0, 0, 0, 0, 0, 0, 0, 0, 0, 0, 0, 0, 0, 0, 0, 0, 0, 0, 0, 0, 0, 0, 0, 0, 0, 0, 0, 0, 0, 0, 0, 0, 0, 0, 0};
weights_conv[5] = {0, 0, 0, 0, 0, 0, 0, 0, 0, 0, 0, 0, 0, 0, 0, 0, 0, 0, 0, 0, 0, 0, 0, 0, 0, 0, 0, 0, 0, 0, 0, 0, 0, 0, 0, 0, 0, 0, 0, 0, 0, 0, 0, 0, 0, 0, 0, 0, 0, 0, 0, 0, 0, 0, 0, 0, 0, 0, 0, 0, 0, 0, 0, 0, 0, 0, 0, 0, 0, 0, 0, 0};
weights_conv[6] = {0, 40, 0, 0, -87, -3, 15, 0, 0, 0, 0, 0, 0, -12, 14, -53, 0, -76, 30, 0, -28, 0, 0, -72, -21, -36, -16, 1, 20, 0, 0, -47, -9, 0, -28, 0, -26, 23, 0, 0, 0, -11, 56, 0, 0, -25, -24, 0, 0, 0, 0, -94, 0, 0, 3, 0, 89, -65, 0, 0, 0, -19, 0, 34, 0, 40, 0, 0, 0, -17, 0, 0};
weights_conv[7] = {0, -19, 0, 0, 17, 5, -31, 0, 0, 0, 0, 0, 0, 9, -61, 32, 0, 31, 74, 0, 7, 0, 0, 101, -59, -4, -64, 33, -1, 0, 0, -2, -27, 0, -12, 0, -29, -60, 0, 0, 0, -26, -2, 0, 0, 19, -5, 0, 0, 0, 0, 37, 0, 0, 47, 0, 25, 44, 0, 0, 0, 20, 0, -33, 0, 5, 0, 0, 0, 4, 0, 0};
weights_conv[8] = {0, -42, 0, 0, -23, -53, 29, 0, 0, 0, 0, 0, 0, -66, 16, 13, 0, -52, -57, 0, -57, 0, 0, 12, -36, -49, -14, 34, -15, 0, 0, -59, -24, 0, -16, 0, -4, 25, 0, 0, 0, 50, 81, 0, 0, 8, -60, 0, 0, 0, 0, -24, 0, 0, -5, 0, -21, -1, 0, 0, 0, 42, 0, -3, 0, 44, 0, 0, 0, -36, 0, 0};
weights_conv[9] = {0, -32, 0, 0, 15, 26, -17, 0, 0, 0, 0, 0, 0, 26, -35, 7, 0, 61, 91, 0, 16, 0, 0, 95, 59, -10, -22, 42, -18, 0, 0, 4, -18, 0, -40, 0, -40, -12, 0, 0, 0, 12, 10, 0, 0, 22, -27, 0, 0, 0, 0, -72, 0, 0, 58, 0, -24, 21, 0, 0, 0, 1, 0, -6, 0, 2, 0, 0, 0, -46, 0, 0};
weights_conv[10] = {0, -9, 0, 0, -16, -8, 65, 0, 0, 0, 0, 0, 0, -19, 20, -41, 0, 47, -5, 0, 25, 0, 0, -64, 10, -16, -10, -23, -3, 0, 0, -34, -24, 0, 6, 0, 2, 0, 0, 0, 0, 26, -27, 0, 0, 29, -11, 0, 0, 0, 0, -10, 0, 0, -46, 0, 7, -5, 0, 0, 0, -17, 0, -3, 0, -22, 0, 0, 0, 35, 0, 0};
weights_conv[11] = {0, 18, 0, 0, -32, 3, 18, 0, 0, 0, 0, 0, 0, -36, 13, -4, 0, -4, 7, 0, -7, 0, 0, -11, -33, 83, 49, 0, 8, 0, 0, 43, -84, 0, -52, 0, -3, -17, 0, 0, 0, 13, 1, 0, 0, 12, 17, 0, 0, 0, 0, -35, 0, 0, 18, 0, 13, 13, 0, 0, 0, -60, 0, 54, 0, -72, 0, 0, 0, -7, 0, 0};
weights_conv[12] = {0, 4, 0, 0, -77, 20, 21, 0, 0, 0, 0, 0, 0, 46, 6, -64, 0, 19, 14, 0, -76, 0, 0, -77, -42, 17, -32, 6, -29, 0, 0, -16, -21, 0, 3, 0, 7, -14, 0, 0, 0, -21, -35, 0, 0, 40, -21, 0, 0, 0, 0, 32, 0, 0, 7, 0, 104, -37, 0, 0, 0, 9, 0, 22, 0, -14, 0, 0, 0, -2, 0, 0};
weights_conv[13] = {0, 0, 0, 0, 0, 0, -2, 0, 0, 0, 0, 0, 0, 0, 0, 1, 0, 0, 0, 0, 0, 0, 0, 0, 0, 0, 0, 0, 0, 0, 0, 0, 0, 0, 0, 0, 0, 0, 0, 0, 0, 0, 0, 0, 0, 0, 0, 0, 0, 0, 0, -1, 0, 0, 0, 0, 1, 0, 0, 0, 0, -1, 0, 0, 0, 0, 0, 0, 0, 0, 0, 0};
weights_conv[14] = {0, 0, 0, 0, 0, 0, 0, 0, 0, 0, 0, 0, 0, 0, 0, 0, 0, 0, 0, 0, 0, 0, 0, 0, 0, 0, 0, 0, 0, 0, 0, 0, 0, 0, 0, 0, 0, 0, 0, 0, 0, 0, 0, 0, 0, 0, 0, 0, 0, 0, 0, 0, 0, 0, 0, 0, 0, 0, 0, 0, 0, 0, 0, 0, 0, 0, 0, 0, 0, 0, 0, 0};
weights_conv[15] = {0, 0, 0, 0, 0, 0, 0, 0, 0, 0, 0, 0, 0, 0, 0, 0, 0, 0, 0, 0, 0, 0, 0, 0, 0, 0, 0, 0, 0, 0, 0, 0, 0, 0, 0, 0, 0, 0, 0, 0, 0, 0, 0, 0, 0, 0, 0, 0, 0, 0, 0, 0, 0, 0, 0, 0, 0, 0, 0, 0, 0, 0, 0, 0, 0, 0, 0, 0, 0, 0, 0, 0};
weights_conv[16] = {0, 34, 0, 0, 19, -33, 47, 0, 0, 0, 0, 0, 0, 27, 4, 1, 0, -26, 16, 0, -40, 0, 0, 8, 8, 13, -11, 23, -41, 0, 0, -20, -45, 0, -27, 0, -51, -39, 0, 0, 0, 41, 1, 0, 0, -20, -25, 0, 0, 0, 0, -2, 0, 0, -29, 0, -10, 7, 0, 0, 0, -51, 0, 13, 0, -28, 0, 0, 0, 11, 0, 0};
weights_conv[17] = {0, -22, 0, 0, -15, -32, -110, 0, 0, 0, 0, 0, 0, -5, -2, -6, 0, -3, 7, 0, 0, 0, 0, -74, -18, 16, -18, -8, 26, 0, 0, 23, 14, 0, -3, 0, 25, 45, 0, 0, 0, -14, 57, 0, 0, 43, -81, 0, 0, 0, 0, -30, 0, 0, -58, 0, -6, 67, 0, 0, 0, 48, 0, -33, 0, 46, 0, 0, 0, -35, 0, 0};
weights_conv[18] = {0, 27, 0, 0, 5, 5, 40, 0, 0, 0, 0, 0, 0, 5, 22, 0, 0, -32, -40, 0, 19, 0, 0, -1, -15, 19, -31, -5, -17, 0, 0, 6, 48, 0, -56, 0, 15, -18, 0, 0, 0, 14, 20, 0, 0, -6, 17, 0, 0, 0, 0, -23, 0, 0, 4, 0, -104, 24, 0, 0, 0, -15, 0, 1, 0, -10, 0, 0, 0, -11, 0, 0};
weights_conv[19] = {0, -16, 0, 0, -65, 14, -5, 0, 0, 0, 0, 0, 0, -13, 26, 5, 0, 72, -7, 0, 80, 0, 0, -14, -29, 37, -6, 16, -25, 0, 0, 0, -16, 0, -26, 0, 37, 4, 0, 0, 0, 28, 8, 0, 0, 56, 24, 0, 0, 0, 0, -8, 0, 0, 31, 0, -6, 23, 0, 0, 0, 26, 0, -12, 0, -34, 0, 0, 0, -18, 0, 0};
weights_conv[20] = {0, -5, 0, 0, -82, 17, -6, 0, 0, 0, 0, 0, 0, -2, 125, -6, 0, -45, -10, 0, -19, 0, 0, 15, 92, 77, -18, 21, -31, 0, 0, 3, 56, 0, -20, 0, 1, 23, 0, 0, 0, 55, -56, 0, 0, 53, 41, 0, 0, 0, 0, -9, 0, 0, -7, 0, -29, -22, 0, 0, 0, -7, 0, -8, 0, -2, 0, 0, 0, -107, 0, 0};
weights_conv[21] = {0, -60, 0, 0, -33, -5, 42, 0, 0, 0, 0, 0, 0, -14, -6, -21, 0, 4, -12, 0, -19, 0, 0, -11, -76, -38, -32, 4, -23, 0, 0, -27, 10, 0, -33, 0, -59, 40, 0, 0, 0, 41, 30, 0, 0, 13, -24, 0, 0, 0, 0, -21, 0, 0, -13, 0, 1, -2, 0, 0, 0, -10, 0, 7, 0, 43, 0, 0, 0, -20, 0, 0};
weights_conv[22] = {0, -103, 0, 0, -29, -9, -16, 0, 0, 0, 0, 0, 0, -14, -34, 3, 0, 36, -21, 0, -26, 0, 0, -1, -8, -28, -18, -16, -18, 0, 0, 43, 33, 0, 39, 0, -8, 15, 0, 0, 0, 15, -34, 0, 0, -13, 15, 0, 0, 0, 0, -3, 0, 0, 5, 0, -9, 1, 0, 0, 0, 14, 0, -26, 0, 66, 0, 0, 0, 8, 0, 0};
weights_conv[23] = {0, -49, 0, 0, 7, -10, -41, 0, 0, 0, 0, 0, 0, 0, 38, 6, 0, -27, 33, 0, -32, 0, 0, -15, 35, -29, 85, -27, -40, 0, 0, 1, -66, 0, -7, 0, 54, 7, 0, 0, 0, 18, 32, 0, 0, -20, 4, 0, 0, 0, 0, -31, 0, 0, -51, 0, -5, 68, 0, 0, 0, -67, 0, -31, 0, -66, 0, 0, 0, -11, 0, 0};
weights_conv[24] = {0, 0, 0, 0, 0, 0, 0, 0, 0, 0, 0, 0, 0, 0, 0, 0, 0, 0, 0, 0, 0, 0, 0, 0, 0, 0, 0, 0, 0, 0, 0, 0, 0, 0, 0, 0, 0, 0, 0, 0, 0, 0, 0, 0, 0, 0, 0, 0, 0, 0, 0, 0, 0, 0, 0, 0, 0, 0, 0, 0, 0, 0, 0, 0, 0, 0, 0, 0, 0, 0, 0, 0};
weights_conv[25] = {0, -12, 0, 0, -8, -5, -11, 0, 0, 0, 0, 0, 0, -15, -7, 42, 0, -58, 17, 0, 3, 0, 0, -39, -99, -9, -11, 42, -20, 0, 0, 3, -13, 0, -24, 0, -18, -82, 0, 0, 0, -39, 16, 0, 0, 3, 11, 0, 0, 0, 0, 83, 0, 0, 49, 0, 27, -15, 0, 0, 0, -41, 0, 14, 0, 5, 0, 0, 0, -23, 0, 0};
weights_conv[26] = {0, -4, 0, 0, 16, -13, 82, 0, 0, 0, 0, 0, 0, 0, 1, 2, 0, 20, -32, 0, 10, 0, 0, 23, -2, -5, 19, 20, -5, 0, 0, 32, 7, 0, 24, 0, 3, -7, 0, 0, 0, -5, -5, 0, 0, -10, 21, 0, 0, 0, 0, -37, 0, 0, -20, 0, -69, 16, 0, 0, 0, -7, 0, 11, 0, 9, 0, 0, 0, 82, 0, 0};
weights_conv[27] = {0, 10, 0, 0, 43, 26, -43, 0, 0, 0, 0, 0, 0, -27, 15, 8, 0, 0, -14, 0, 6, 0, 0, -15, 20, 20, 42, -19, -25, 0, 0, -31, -54, 0, -14, 0, 57, -59, 0, 0, 0, -29, 32, 0, 0, 17, -24, 0, 0, 0, 0, -32, 0, 0, -34, 0, 16, -22, 0, 0, 0, 40, 0, 9, 0, -46, 0, 0, 0, -44, 0, 0};
weights_conv[28] = {0, 0, 0, 0, 0, 0, 0, 0, 0, 0, 0, 0, 0, 0, 0, 0, 0, 0, 0, 0, 0, 0, 0, 0, 0, 0, 0, 0, 0, 0, 0, 0, 0, 0, 0, 0, 0, 0, 0, 0, 0, 0, 0, 0, 0, 0, 0, 0, 0, 0, 0, 0, 0, 0, 0, 0, 0, 0, 0, 0, 0, 0, 0, 0, 0, 0, 0, 0, 0, 0, 0, 0};
weights_conv[29] = {0, -13, 0, 0, -11, 3, 24, 0, 0, 0, 0, 0, 0, 41, -13, -1, 0, 8, -28, 0, 67, 0, 0, -32, -74, -21, -48, 6, 31, 0, 0, 11, 46, 0, -76, 0, -5, 2, 0, 0, 0, 47, 28, 0, 0, -9, -20, 0, 0, 0, 0, 16, 0, 0, -6, 0, -85, 35, 0, 0, 0, 63, 0, -13, 0, 52, 0, 0, 0, -50, 0, 0};
weights_conv[30] = {0, 26, 0, 0, 4, -39, 46, 0, 0, 0, 0, 0, 0, -24, 15, 14, 0, -29, -11, 0, -71, 0, 0, 40, 18, 1, -53, 53, -7, 0, 0, -22, 4, 0, -19, 0, -53, -24, 0, 0, 0, -2, -49, 0, 0, 29, -9, 0, 0, 0, 0, -3, 0, 0, 25, 0, -37, -22, 0, 0, 0, -9, 0, -24, 0, 71, 0, 0, 0, 9, 0, 0};
weights_conv[31] = {0, 0, 0, 0, 0, 0, 0, 0, 0, 0, 0, 0, 0, 0, 0, 0, 0, 0, 0, 0, 0, 0, 0, 0, 0, 0, 0, 0, 0, 0, 0, 0, 0, 0, 0, 0, 0, 0, 0, 0, 0, 0, 0, 0, 0, 0, 0, 0, 0, 0, 0, 0, 0, 0, 0, 0, 0, 0, 0, 0, 0, 0, 0, 0, 0, 0, 0, 0, 0, 0, 0, 0};
weights_conv[32] = {0, -6, 0, 0, -19, -3, -65, 0, 0, 0, 0, 0, 0, 1, 1, -18, 0, 0, -39, 0, 0, 0, 0, -18, -18, -9, -20, -1, 64, 0, 0, -1, -36, 0, 33, 0, -58, 26, 0, 0, 0, -19, 54, 0, 0, -25, 3, 0, 0, 0, 0, -25, 0, 0, -10, 0, 17, -28, 0, 0, 0, -33, 0, 28, 0, -6, 0, 0, 0, -59, 0, 0};
weights_conv[33] = {0, -60, 0, 0, -7, -24, -46, 0, 0, 0, 0, 0, 0, -8, -4, -39, 0, -2, -52, 0, 2, 0, 0, 13, -53, -70, -44, -1, 98, 0, 0, -1, -13, 0, -8, 0, -62, 7, 0, 0, 0, -21, 101, 0, 0, -58, 1, 0, 0, 0, 0, 6, 0, 0, -22, 0, 34, 13, 0, 0, 0, 23, 0, 32, 0, 29, 0, 0, 0, -54, 0, 0};
weights_conv[34] = {0, 0, 0, 0, 0, 0, 0, 0, 0, 0, 0, 0, 0, 0, 0, 0, 0, 0, 0, 0, 0, 0, 0, 0, 0, 0, 0, 0, 0, 0, 0, 0, 0, 0, 0, 0, 0, 0, 0, 0, 0, 0, 0, 0, 0, 0, 0, 0, 0, 0, 0, 0, 0, 0, 0, 0, 0, 0, 0, 0, 0, 0, 0, 0, 0, 0, 0, 0, 0, 0, 0, 0};
weights_conv[35] = {0, -28, 0, 0, 24, -8, -16, 0, 0, 0, 0, 0, 0, -25, -27, -12, 0, -2, 72, 0, 1, 0, 0, -41, -129, -16, -2, 20, -11, 0, 0, -10, -8, 0, -2, 0, -63, -35, 0, 0, 0, -6, 2, 0, 0, -16, -14, 0, 0, 0, 0, 89, 0, 0, 79, 0, -41, -23, 0, 0, 0, 24, 0, -3, 0, 2, 0, 0, 0, -6, 0, 0};
weights_conv[36] = {0, 0, 0, 0, 0, 0, 0, 0, 0, 0, 0, 0, 0, 0, 0, 0, 0, 0, 0, 0, 0, 0, 0, 0, 0, 0, 0, 0, 0, 0, 0, 0, 0, 0, 0, 0, 0, 0, 0, 0, 0, 0, 0, 0, 0, 0, 0, 0, 0, 0, 0, 0, 0, 0, 0, 0, 0, 0, 0, 0, 0, 0, 0, 0, 0, 0, 0, 0, 0, 0, 0, 0};
weights_conv[37] = {0, -20, 0, 0, -38, 6, 34, 0, 0, 0, 0, 0, 0, -7, 1, -44, 0, -35, -33, 0, -35, 0, 0, -27, 31, 51, 48, 15, -27, 0, 0, 1, 0, 0, -17, 0, -8, 71, 0, 0, 0, 14, -17, 0, 0, 27, 13, 0, 0, 0, 0, -27, 0, 0, -7, 0, 6, -80, 0, 0, 0, -28, 0, 26, 0, -11, 0, 0, 0, -16, 0, 0};
weights_conv[38] = {0, -7, 0, 0, 20, 33, -14, 0, 0, 0, 0, 0, 0, 17, -87, -5, 0, 64, 7, 0, 20, 0, 0, 26, -3, 20, -20, 20, -20, 0, 0, -9, -31, 0, 24, 0, -8, -3, 0, 0, 0, 12, -33, 0, 0, 23, 14, 0, 0, 0, 0, -8, 0, 0, 4, 0, -15, -21, 0, 0, 0, 75, 0, -51, 0, -21, 0, 0, 0, -67, 0, 0};
weights_conv[39] = {0, 52, 0, 0, 33, 23, -17, 0, 0, 0, 0, 0, 0, 23, 4, -1, 0, 40, 22, 0, -12, 0, 0, -33, -35, -53, -31, 12, 2, 0, 0, 7, 19, 0, -2, 0, 37, -125, 0, 0, 0, -23, -10, 0, 0, 8, -30, 0, 0, 0, 0, 49, 0, 0, 24, 0, 13, 19, 0, 0, 0, -84, 0, -32, 0, 22, 0, 0, 0, 16, 0, 0};
weights_conv[40] = {0, -1, 0, 0, 0, 3, -6, 0, 0, 0, 0, 0, 0, -3, -1, 4, 0, -3, 0, 0, 0, 0, 0, 2, -3, 0, -1, 0, -2, 0, 0, 0, 0, 0, -3, 0, 1, -2, 0, 0, 0, -3, 0, 0, 0, 3, 0, 0, 0, 0, 0, -3, 0, 0, -3, 0, 3, 0, 0, 0, 0, -5, 0, -5, 0, -3, 0, 0, 0, -2, 0, 0};
weights_conv[41] = {0, 0, 0, 0, 0, 0, 0, 0, 0, 0, 0, 0, 0, 0, 0, 0, 0, 0, 0, 0, 0, 0, 0, 0, 0, 0, 0, 0, 0, 0, 0, 0, 0, 0, 0, 0, 0, 0, 0, 0, 0, 0, 0, 0, 0, 0, 0, 0, 0, 0, 0, 0, 0, 0, 0, 0, 0, 0, 0, 0, 0, 0, 0, 0, 0, 0, 0, 0, 0, 0, 0, 0};
weights_conv[42] = {0, 0, 0, 0, 0, 0, -2, 0, 0, 0, 0, 0, 0, -1, 0, 2, 0, 0, 0, 0, 0, 0, 0, 1, -1, 0, 0, 0, 0, 0, 0, 0, 0, 0, 0, 0, 0, 0, 0, 0, 0, 0, 0, 0, 0, 2, 0, 0, 0, 0, 0, 0, 0, 0, -1, 0, 0, 0, 0, 0, 0, -2, 0, 0, 0, 0, 0, 0, 0, -1, 0, 0};
weights_conv[43] = {0, -14, 0, 0, 74, 3, -22, 0, 0, 0, 0, 0, 0, 19, -5, 0, 0, 6, -13, 0, 32, 0, 0, -2, 3, -52, -14, 23, -62, 0, 0, 14, 4, 0, -16, 0, 71, 40, 0, 0, 0, 35, -2, 0, 0, -3, -34, 0, 0, 0, 0, -47, 0, 0, -53, 0, -48, -30, 0, 0, 0, 0, 0, -13, 0, -13, 0, 0, 0, -13, 0, 0};
weights_conv[44] = {0, 0, 0, 0, 0, 0, 0, 0, 0, 0, 0, 0, 0, 0, 0, 0, 0, 0, 0, 0, 0, 0, 0, 0, 0, 0, 0, 0, 0, 0, 0, 0, 0, 0, 0, 0, 0, 0, 0, 0, 0, 0, 0, 0, 0, 0, 0, 0, 0, 0, 0, 0, 0, 0, 0, 0, 0, 0, 0, 0, 0, 0, 0, 0, 0, 0, 0, 0, 0, 0, 0, 0};
weights_conv[45] = {0, -32, 0, 0, -81, 76, 0, 0, 0, 0, 0, 0, 0, 15, 65, -69, 0, -24, 0, 0, 11, 0, 0, -122, -25, -14, 13, -2, 9, 0, 0, -27, -7, 0, -27, 0, 5, -43, 0, 0, 0, 4, -62, 0, 0, 83, -56, 0, 0, 0, 0, -21, 0, 0, -6, 0, 86, -9, 0, 0, 0, -11, 0, -3, 0, -1, 0, 0, 0, -14, 0, 0};
weights_conv[46] = {0, 0, 0, 0, 0, 0, 0, 0, 0, 0, 0, 0, 0, 0, 0, 0, 0, 0, 0, 0, 0, 0, 0, 0, 0, 0, 0, 0, 0, 0, 0, 0, 0, 0, 0, 0, 0, 0, 0, 0, 0, 0, 0, 0, 0, 0, 0, 0, 0, 0, 0, 0, 0, 0, 0, 0, 0, 0, 0, 0, 0, 0, 0, 0, 0, 0, 0, 0, 0, 0, 0, 0};
weights_conv[47] = {0, 0, 0, 0, 0, 0, 0, 0, 0, 0, 0, 0, 0, 0, 0, 0, 0, 0, 0, 0, 0, 0, 0, 0, 0, 0, 0, 0, 0, 0, 0, 0, 0, 0, 0, 0, 0, 0, 0, 0, 0, 0, 0, 0, 0, 0, 0, 0, 0, 0, 0, 0, 0, 0, 0, 0, 0, 0, 0, 0, 0, 0, 0, 0, 0, 0, 0, 0, 0, 0, 0, 0};
weights_conv[48] = {0, 0, 0, 0, 0, 0, 0, 0, 0, 0, 0, 0, 0, 0, 0, 0, 0, 0, 0, 0, 0, 0, 0, 0, 0, 0, 0, 0, 0, 0, 0, 0, 0, 0, 0, 0, 0, 0, 0, 0, 0, 0, 0, 0, 0, 0, 0, 0, 0, 0, 0, 0, 0, 0, 0, 0, 0, 0, 0, 0, 0, 0, 0, 0, 0, 0, 0, 0, 0, 0, 0, 0};
weights_conv[49] = {0, 21, 0, 0, -23, -10, -8, 0, 0, 0, 0, 0, 0, 42, 38, 40, 0, -11, -51, 0, 11, 0, 0, -38, -35, 52, -24, -15, -32, 0, 0, 47, 11, 0, 11, 0, 39, -63, 0, 0, 0, -12, -16, 0, 0, -20, -24, 0, 0, 0, 0, 32, 0, 0, 3, 0, 10, -19, 0, 0, 0, 83, 0, 27, 0, -41, 0, 0, 0, -83, 0, 0};
weights_conv[50] = {0, 0, 0, 0, 0, 0, 0, 0, 0, 0, 0, 0, 0, 0, 0, 0, 0, 0, 0, 0, 0, 0, 0, 0, 0, 0, 0, 0, 0, 0, 0, 0, 0, 0, 0, 0, 0, 0, 0, 0, 0, 0, 0, 0, 0, 0, 0, 0, 0, 0, 0, 0, 0, 0, 0, 0, 0, 0, 0, 0, 0, 0, 0, 0, 0, 0, 0, 0, 0, 0, 0, 0};
weights_conv[51] = {0, 35, 0, 0, 15, 40, -19, 0, 0, 0, 0, 0, 0, 84, 13, -12, 0, 28, 4, 0, 31, 0, 0, -1, 35, -13, -13, 13, 1, 0, 0, 26, -92, 0, 41, 0, -37, -92, 0, 0, 0, -10, -65, 0, 0, 15, -48, 0, 0, 0, 0, -9, 0, 0, -6, 0, -2, -3, 0, 0, 0, -45, 0, 8, 0, -43, 0, 0, 0, 17, 0, 0};
weights_conv[52] = {0, 0, 0, 0, 0, 0, 0, 0, 0, 0, 0, 0, 0, 0, 0, 0, 0, 0, 0, 0, 0, 0, 0, 0, 0, 0, 0, 0, 0, 0, 0, 0, 0, 0, 0, 0, 0, 0, 0, 0, 0, 0, 0, 0, 0, 0, 0, 0, 0, 0, 0, 0, 0, 0, 0, 0, 0, 0, 0, 0, 0, 0, 0, 0, 0, 0, 0, 0, 0, 0, 0, 0};
weights_conv[53] = {0, 0, 0, 0, 0, 0, 0, 0, 0, 0, 0, 0, 0, 0, 0, 0, 0, 0, 0, 0, 0, 0, 0, 0, 0, 0, 0, 0, 0, 0, 0, 0, 0, 0, 0, 0, 0, 0, 0, 0, 0, 0, 0, 0, 0, 0, 0, 0, 0, 0, 0, 0, 0, 0, 0, 0, 0, 0, 0, 0, 0, 0, 0, 0, 0, 0, 0, 0, 0, 0, 0, 0};
weights_conv[54] = {0, 0, 0, 0, 0, 0, 0, 0, 0, 0, 0, 0, 0, 0, 0, 0, 0, 0, 0, 0, 0, 0, 0, 0, 0, 0, 0, 0, 0, 0, 0, 0, 0, 0, 0, 0, 0, 0, 0, 0, 0, 0, 0, 0, 0, 0, 0, 0, 0, 0, 0, 0, 0, 0, 0, 0, 0, 0, 0, 0, 0, 0, 0, 0, 0, 0, 0, 0, 0, 0, 0, 0};
weights_conv[55] = {0, 18, 0, 0, 13, -3, 48, 0, 0, 0, 0, 0, 0, 48, -42, -35, 0, -17, -24, 0, 41, 0, 0, -1, -20, 31, -20, 8, -4, 0, 0, 21, -26, 0, -98, 0, -11, -27, 0, 0, 0, 11, 0, 0, 0, -13, -21, 0, 0, 0, 0, -44, 0, 0, -24, 0, 17, -8, 0, 0, 0, 83, 0, 5, 0, 0, 0, 0, 0, -31, 0, 0};
weights_conv[56] = {0, 30, 0, 0, 30, -7, -20, 0, 0, 0, 0, 0, 0, 2, -52, 0, 0, 35, -11, 0, 31, 0, 0, 7, -9, -86, -11, 12, 0, 0, 0, -43, 0, 0, 44, 0, -28, -64, 0, 0, 0, -9, 4, 0, 0, 4, -38, 0, 0, 0, 0, 2, 0, 0, -38, 0, -45, -10, 0, 0, 0, -15, 0, -42, 0, 32, 0, 0, 0, 23, 0, 0};
weights_conv[57] = {0, 21, 0, 0, -23, 8, -17, 0, 0, 0, 0, 0, 0, -38, -18, 3, 0, 0, -16, 0, 49, 0, 0, -15, 1, -4, -41, -10, -37, 0, 0, 13, 83, 0, -9, 0, 46, 13, 0, 0, 0, -17, 41, 0, 0, 28, -47, 0, 0, 0, 0, -9, 0, 0, 0, 0, -13, -17, 0, 0, 0, -35, 0, 2, 0, 87, 0, 0, 0, -14, 0, 0};
weights_conv[58] = {0, -20, 0, 0, -16, -1, 25, 0, 0, 0, 0, 0, 0, 35, 87, -55, 0, 34, -10, 0, 22, 0, 0, -8, 28, -39, -14, 33, 35, 0, 0, -17, -53, 0, -60, 0, -35, 9, 0, 0, 0, 57, 37, 0, 0, -13, -28, 0, 0, 0, 0, -8, 0, 0, 14, 0, 25, -2, 0, 0, 0, -32, 0, 10, 0, 29, 0, 0, 0, -74, 0, 0};
weights_conv[59] = {0, 0, 0, 0, 0, 0, 0, 0, 0, 0, 0, 0, 0, 0, 0, 0, 0, 0, 0, 0, 0, 0, 0, 0, 0, 0, 0, 0, 0, 0, 0, 0, 0, 0, 0, 0, 0, 0, 0, 0, 0, 0, 0, 0, 0, 0, 0, 0, 0, 0, 0, 0, 0, 0, 0, 0, 0, 0, 0, 0, 0, 0, 0, 0, 0, 0, 0, 0, 0, 0, 0, 0};
weights_conv[60] = {0, 0, 0, 0, 0, 0, 0, 0, 0, 0, 0, 0, 0, 0, 0, 0, 0, 0, 0, 0, 0, 0, 0, 0, 0, 0, 0, 0, 0, 0, 0, 0, 0, 0, 0, 0, 0, 0, 0, 0, 0, 0, 0, 0, 0, 0, 0, 0, 0, 0, 0, 0, 0, 0, 0, 0, 0, 0, 0, 0, 0, 0, 0, 0, 0, 0, 0, 0, 0, 0, 0, 0};
weights_conv[61] = {0, 58, 0, 0, 37, 10, 12, 0, 0, 0, 0, 0, 0, 69, -34, 20, 0, -10, -26, 0, 27, 0, 0, -15, -12, -34, -46, 3, -40, 0, 0, -23, -32, 0, -44, 0, 21, -49, 0, 0, 0, -49, -11, 0, 0, 3, -6, 0, 0, 0, 0, 17, 0, 0, -37, 0, 20, 1, 0, 0, 0, 28, 0, -8, 0, -31, 0, 0, 0, -6, 0, 0};
weights_conv[62] = {0, 15, 0, 0, -53, -6, -87, 0, 0, 0, 0, 0, 0, 2, -11, -72, 0, -4, 49, 0, -4, 0, 0, -17, 20, -21, -38, 4, 72, 0, 0, -10, -25, 0, 8, 0, -52, -13, 0, 0, 0, -17, 2, 0, 0, -17, -25, 0, 0, 0, 0, 69, 0, 0, -18, 0, -61, 71, 0, 0, 0, 27, 0, -15, 0, 12, 0, 0, 0, 7, 0, 0};
weights_conv[63] = {0, -14, 0, 0, -59, 99, -28, 0, 0, 0, 0, 0, 0, 29, 5, -38, 0, -10, 0, 0, 18, 0, 0, -57, -15, -10, -1, -2, 12, 0, 0, -27, -13, 0, -13, 0, 28, -28, 0, 0, 0, -18, -69, 0, 0, 103, -33, 0, 0, 0, 0, -24, 0, 0, -5, 0, 86, -5, 0, 0, 0, -15, 0, -7, 0, -10, 0, 0, 0, -16, 0, 0};
weights_conv[64] = {0, -18, 0, 0, -23, 32, -3, 0, 0, 0, 0, 0, 0, 29, -15, -14, 0, -10, -9, 0, 16, 0, 0, -43, -4, -40, -10, -8, 96, 0, 0, 8, 14, 0, -2, 0, -44, -50, 0, 0, 0, -12, 29, 0, 0, 33, 1, 0, 0, 0, 0, -49, 0, 0, -8, 0, 1, -17, 0, 0, 0, 58, 0, 31, 0, 60, 0, 0, 0, -63, 0, 0};
weights_conv[65] = {0, 0, 0, 0, 0, 0, 0, 0, 0, 0, 0, 0, 0, 0, 0, 0, 0, 0, 0, 0, 0, 0, 0, 0, 0, 0, 0, 0, 0, 0, 0, 0, 0, 0, 0, 0, 0, 0, 0, 0, 0, 0, 0, 0, 0, 0, 0, 0, 0, 0, 0, 0, 0, 0, 0, 0, 0, 0, 0, 0, 0, 0, 0, 0, 0, 0, 0, 0, 0, 0, 0, 0};
weights_conv[66] = {0, -55, 0, 0, -27, 26, -24, 0, 0, 0, 0, 0, 0, -1, -38, -23, 0, 31, 7, 0, -47, 0, 0, -4, 21, -31, 2, -16, -26, 0, 0, -63, -81, 0, 75, 0, -1, 38, 0, 0, 0, 4, -6, 0, 0, -8, -56, 0, 0, 0, 0, -51, 0, 0, 18, 0, 34, -16, 0, 0, 0, 11, 0, -50, 0, 50, 0, 0, 0, 35, 0, 0};
weights_conv[67] = {0, -55, 0, 0, -41, 1, -59, 0, 0, 0, 0, 0, 0, -2, -50, -3, 0, -9, 24, 0, -1, 0, 0, -22, 65, -6, 35, 16, 29, 0, 0, 0, 43, 0, -25, 0, 16, 49, 0, 0, 0, 12, 0, 0, 0, -6, 14, 0, 0, 0, 0, -36, 0, 0, -31, 0, -80, 4, 0, 0, 0, 12, 0, -24, 0, -11, 0, 0, 0, -44, 0, 0};
weights_conv[68] = {0, -70, 0, 0, -42, 15, -10, 0, 0, 0, 0, 0, 0, 18, 37, -5, 0, 13, -18, 0, -31, 0, 0, -39, 5, 8, 32, 23, -77, 0, 0, -11, -47, 0, 46, 0, 36, 49, 0, 0, 0, 21, 12, 0, 0, 44, 53, 0, 0, 0, 0, -21, 0, 0, -26, 0, -67, -27, 0, 0, 0, -17, 0, -84, 0, 13, 0, 0, 0, -13, 0, 0};
weights_conv[69] = {0, -48, 0, 0, -2, -22, -30, 0, 0, 0, 0, 0, 0, -7, -21, -5, 0, -2, 69, 0, 6, 0, 0, -62, -70, 16, 9, -32, -10, 0, 0, 6, 26, 0, -23, 0, -37, 26, 0, 0, 0, -9, 76, 0, 0, -2, 21, 0, 0, 0, 0, -6, 0, 0, 8, 0, -29, 6, 0, 0, 0, 1, 0, 3, 0, 6, 0, 0, 0, -31, 0, 0};
weights_conv[70] = {0, 7, 0, 0, -42, -4, -10, 0, 0, 0, 0, 0, 0, -7, -10, 38, 0, -36, 56, 0, 4, 0, 0, -56, -118, 8, -5, 45, -37, 0, 0, 15, 1, 0, -1, 0, -23, -81, 0, 0, 0, -20, 4, 0, 0, 7, 8, 0, 0, 0, 0, 121, 0, 0, 45, 0, -1, 4, 0, 0, 0, -38, 0, 18, 0, 14, 0, 0, 0, 6, 0, 0};
weights_conv[71] = {0, 50, 0, 0, 39, 11, 16, 0, 0, 0, 0, 0, 0, 7, 38, -3, 0, 6, 2, 0, 15, 0, 0, 20, -2, 35, 53, 3, -36, 0, 0, 30, -94, 0, -29, 0, 30, -50, 0, 0, 0, 11, 16, 0, 0, 43, -20, 0, 0, 0, 0, -19, 0, 0, -10, 0, -19, -6, 0, 0, 0, -20, 0, 14, 0, -127, 0, 0, 0, -28, 0, 0};

Bias (8 bit):
 {-101, 330, 449, -8, 630, -202, 0, -555, -1054, 355, 235, 0, 0, -489, 172, -289, -310, 0, 0, 0, -263, 0, -162, 0, 0, 0, -977, 0, -26, -28, 0, -69, 486, 644, -2, 0, 217, 0, 518, -166, 0, -693, -798, 0, 390, -497, -33, 0, 153, -218, -699, -405, -367, -262, 1239, -485, 0, 0, -9, -145, 243, -804, -41, 731, 347, 258, 0, 0, -600, 831, 0, -543};
