Input scale (32 bit):
 34047456
Input zero point:
 128
Weight scale (32 bit):
 13052403
Weight zero point:
 123
Output scale (32 bit):
 177579424
Output zero point:
 133
M scale (32 bit):
 2502548
Weight (8 bit):
weights_conv[0] = {-8, 21, -15, -48, -80, 31, -8, -109, 29, -22, 6, -9, 23, 9, -41, 22, -123, 87, -22, 63, -100, 2, -30, -94, -14, -28, 0, 0, 73, 15, 1, -116, -11, 15, 9, -2, -14, 18, 125, -38, 16, 39, 94, 19, 24, -77, -11, -4, 31, -43, 19, 27, 0, -16, 25, -6, -6, 44, -13, -100, -23, 30, 46, -26, -49, 51, -9, -44, 9, -29, -14, 2};
weights_conv[1] = {24, 23, -34, -13, 48, 28, 11, 81, 21, 19, -3, 20, -5, 14, -51, -35, 57, -84, -6, -36, -10, -19, 47, 15, -16, 38, 48, -47, -7, 14, 14, 29, 1, -4, 13, 80, -24, -1, -48, 39, 20, 40, -3, -39, -3, 56, -21, 39, 34, 63, 31, -90, -32, -29, 18, -6, 31, -5, -40, 7, -49, 35, 21, 10, -26, 39, 27, 57, 48, 22, 29, 43};
weights_conv[2] = {13, -26, 23, 14, -49, 3, -4, -73, -6, -21, 17, 8, -44, -39, -43, 22, -91, -19, 8, -67, 3, -10, -51, -49, 34, -7, 25, 17, 54, -15, -24, -17, -40, -26, 10, -69, -20, -12, 86, -29, -1, -3, 72, -21, 37, -33, -17, 41, -19, 7, -5, 63, 0, 5, 13, -9, 1, -2, -46, -70, 31, -2, 44, 8, -2, -17, -22, -10, 24, 18, 0, 25};
weights_conv[3] = {2, 10, -13, -23, -18, 13, -13, -13, 15, 11, 20, 30, -52, 15, 24, -39, 28, -29, -12, -60, 57, 23, -16, -24, 9, 25, -6, -55, 20, -33, -16, -60, -40, -38, -6, -61, -38, 43, -9, -1, -23, 3, -38, -37, 16, -37, -13, 11, 38, -9, 34, 7, 14, -3, -46, 7, -19, 36, -15, 35, -24, 33, 15, 49, 1, 32, -41, 47, -8, -16, -45, 24};
weights_conv[4] = {-28, -23, -37, -28, 66, 35, -7, 44, 15, 49, -8, -34, -25, 2, 8, -30, 16, -31, 24, 16, -5, 4, 15, 34, 39, -23, 34, -58, -59, -43, -24, 17, -25, 0, 19, 38, 26, 46, -20, 20, 2, -6, -42, -43, -6, 71, 12, -7, 6, -4, 15, -83, 3, -36, -34, -10, 46, 39, 3, 46, -42, -18, 39, -9, -7, -22, 19, -6, -4, 41, 21, 33};
weights_conv[5] = {-53, -33, -6, -21, 42, 12, -43, -35, 18, 35, 29, 34, -30, -6, -37, -73, 22, 132, -24, 4, -36, 48, -49, 35, 28, 41, 0, 119, -79, -15, -38, -23, 32, 30, 0, -16, -22, 48, -24, 41, 8, -33, -4, -7, 16, 8, 9, -8, -20, -42, 1, 28, 6, -39, 14, -28, 8, -1, -6, -9, 59, -37, -25, -36, 30, 2, -67, -30, -13, 9, -9, -43};
weights_conv[6] = {-35, 2, -5, 32, 73, 41, 7, -17, 35, 12, -11, 21, -17, -31, -31, -21, 13, 32, -21, -14, -5, -7, -34, 29, 18, 31, 18, 36, -57, -13, -44, -16, -22, 32, -20, 21, -9, -23, -37, 13, -30, -17, -46, -39, -12, -7, 28, -10, 0, -20, 34, 36, 25, -22, -19, 39, 44, -3, -1, 45, 37, -12, -26, -14, -19, 24, -25, -9, 24, -36, -11, -31};
weights_conv[7] = {-36, -5, -16, -34, -7, 28, 21, -3, 36, 35, 15, 27, -3, -27, 30, -55, 67, -23, -9, -2, 51, 13, 23, -14, 12, 9, -18, -9, 32, 24, -28, -27, -32, 36, -7, -12, 20, 7, -47, 5, 20, 24, -29, -41, 4, -12, 14, 22, 3, 68, 11, 31, 1, -4, -16, 34, 20, 24, 14, 61, 30, 10, 1, -21, -7, -20, 10, 31, -17, 48, 31, -117};
weights_conv[8] = {-9, 12, 38, 11, 5, 25, -16, 42, -13, -52, -39, 4, 22, 43, 55, 37, -8, -29, 13, 64, 13, -49, 24, -39, -31, -53, -51, 7, 15, -36, 51, 38, 37, 24, -32, 21, 20, -44, 18, -37, -41, -31, 5, 30, -33, 35, -21, -23, -36, -5, -20, -10, 26, 49, 54, -9, -40, -8, 16, -47, -52, -16, -44, -27, -22, -52, 57, -36, -4, 28, 47, 41};

Bias (8 bit):
 {4686, 1562, -4683, -3418, -4558, -4635, -4111, -1897, 1413};
