Input scale (32 bit):
 34047456
Input zero point:
 128
Weight scale (32 bit):
 12286248
Weight zero point:
 141
Output scale (32 bit):
 290329312
Output zero point:
 153
M scale (32 bit):
 1440831
Weight (8 bit):
weights_conv[0] = {114, 96, 46, 102, -92, -44, 54, 39, -27, 36, -9, 64, -78, -28, -2, 31, 21, -49, 73, -57, -53, 33, -66, 87, -60, 30, 7, -63, -42, -20, 47, 14, 58, -13, -130, -111, 54, 34, -69, -35, -79, -65, 52, 20, -36, -72, 5, 19, 11, 30, -76, 59, 71, -44, -4, -95, -40, -111, -10, 60, 14, -98, -115, 110, 61, -97, -14, 60, -34, -77, -141, 21};

Bias (8 bit):
 {3144};
