Input scale (32 bit):
 182443696
Input scale temporal normalisation (32 bit):
 20221850 (remember to inverse diff calculation or include change in sing)
Input scale channel normalisation (32 bit):
 20221847552
Input zero point:
 139
Weight scale (32 bit):
 34099248
Weight zero point:
 135
Output scale (32 bit):
 243154368
Output zero point:
 138
M Scales (32 bit):
 25585364
Input quantisation (only for first layer):
F scale (for 32 bits):3159663856
T scale (for 32 bits):101109
Weight (8 bit):
weights_conv[0] = {-1, -34, 4, 3, 17, -5, -14, 18, 2, 1, 18, 26, 16, -25, 5, 5, 16, 20, 7, 12, -11, 4, -22, 3, 20, 8, -26, 16, 5, -8, -19, -11, 20, 29, -8, -10, 7, -29, -16, -3, 2, 15, -22, 13, -11, -6, 24, 24, -13, 9, 21, 16, -20, -19, 14, 18, 22, -8, -6, -16, 20, 14, 14, 25, 12, 23, 26, -4, -11, 20, 15, 19, 7, -3};
weights_conv[1] = {9, -17, -17, -9, 23, -7, -7, -14, -17, 10, 14, -14, -10, -22, 2, -6, 6, 9, 9, -6, 18, 11, 8, -8, 24, -20, -2, -9, -8, 9, 8, 14, 10, -24, 1, -2, 1, 18, 17, 1, 21, -22, 11, -4, 3, 13, 1, -26, 12, -6, 5, -25, -9, -10, -19, 15, -4, -19, -2, -15, 6, -24, -12, 23, 2, -5, 5, -6, -2, 7, -12, -14, -15, 3};
weights_conv[2] = {27, -17, -8, -13, 10, 10, -5, 18, -20, -26, 4, 0, -15, 9, -23, 13, -14, -52, 26, -31, -21, 7, 4, 1, 18, -33, -12, -10, 15, -19, -40, 25, -17, 14, 3, 7, -13, -33, 15, 6, 2, -29, -5, -17, -23, 12, -9, 37, 13, -14, -39, -42, 13, 32, -54, -13, -51, -19, -23, -15, -26, -19, -4, -31, 11, -20, -8, -5, 26, -3, 2, 30, -30, -25};
weights_conv[3] = {23, 14, 22, 34, 40, 50, 36, 44, 48, 50, 23, -3, -17, 7, -18, -5, -11, 24, -38, -40, -10, 11, -1, -2, 37, 27, -64, -30, -22, -11, 3, 6, 42, -45, 70, -26, 43, -12, -15, -10, -6, 15, 2, -35, -17, 3, 8, 23, 45, 18, -32, -24, -37, -8, 4, 9, -1, 44, 35, 16, 44, 17, -36, -8, -19, 0, 0, 15, 32, 39, 40, -21, 22, 27};
weights_conv[4] = {-40, -31, -19, 29, -24, 54, -33, 2, -15, -15, -22, 25, 10, 15, 11, 10, -13, 7, 34, 5, -25, -8, 43, -14, -16, 48, -2, 3, -4, 14, 27, 18, -8, 42, -19, 36, -21, 45, 49, -42, -9, -13, 11, 0, -38, -14, -29, -41, 19, 30, 6, 34, 12, -28, -44, -42, -18, -5, -27, -6, 42, 1, -2, 12, -29, -32, -10, 1, -9, -55, -13, -23, 46, 34};
weights_conv[5] = {-23, 18, 25, 6, -12, -5, 10, -5, -12, 25, 28, -10, -12, -6, 2, 13, -8, 6, 14, -23, 8, 11, -1, -7, -15, 7, 8, 19, 5, 12, -15, 12, -9, 26, -32, 22, -7, -4, -17, 21, -5, -24, -2, 0, -15, 12, -14, -8, -4, 1, 25, 15, -21, -5, -17, 25, 10, -7, 7, 2, 22, -19, -14, -1, -7, 1, 10, 6, 1, 3, -2, -11, 19, -13};
weights_conv[6] = {15, -27, -37, 64, 38, 4, -18, 11, -38, -1, 5, -16, -26, 45, 17, -22, -25, -36, 5, -32, 13, -25, -23, 10, 18, 41, 51, 4, 32, 28, 32, 5, -5, 18, 11, 25, 0, 38, 3, 6, 32, -11, 22, 48, 20, -23, 43, -16, 29, -14, -25, 31, -24, -1, 43, 4, -11, -5, 22, -20, 37, -33, 7, 9, 25, -1, 11, 6, -11, 14, 41, -2, 24, -33};
weights_conv[7] = {2, -19, -2, -1, 7, -6, -13, 19, 19, -6, 26, 1, -32, -14, 21, 1, 7, -21, 17, -30, 3, 26, 13, 20, 36, 5, 22, -5, 34, 22, 25, 6, -4, -22, 24, -30, -33, -6, -16, 48, -21, 18, -6, -19, -1, 32, -19, 18, 14, -21, -21, 15, 3, -6, 1, 35, 8, 5, 16, -21, -15, -6, 24, 17, 33, 3, 17, -12, 24, -7, -13, -5, 27, 37};
weights_conv[8] = {-8, -40, 17, 21, 34, -10, 36, 14, -26, 5, -15, 17, 11, -21, 19, 9, 6, -15, 8, 22, 25, -6, 19, -10, -20, 0, 6, -11, -38, 16, -5, -11, -21, -8, -23, 9, 29, 29, 20, -32, -16, 4, 11, 4, -35, -7, 10, 27, 1, 10, 31, -35, 8, 35, -31, 22, 14, 28, -20, 19, 6, 15, -8, -9, -2, -11, -8, -18, -32, -24, 16, -18, 14, 2};
weights_conv[9] = {6, -24, 4, -3, -7, 33, 28, 7, 13, 8, 9, 13, -18, 10, -15, -3, -11, -23, -5, 5, 1, -1, 27, 30, 10, 3, 4, -19, 19, 26, -23, 18, -5, -27, 13, 3, -27, -10, 0, 15, 17, -5, -24, 19, 28, 3, -4, 23, -15, 15, 14, 16, 7, 22, -10, 1, 3, 14, 1, -10, -1, 18, 4, 1, 13, -15, -7, 26, -4, 17, -14, -10, 6, 36};
weights_conv[10] = {20, -4, 34, 1, 44, 8, -10, 23, -13, -17, -10, 11, 24, 1, 41, 21, -18, -20, 16, 16, 12, 15, 20, 9, -27, 11, 28, 9, 5, -31, -4, 33, 22, 9, 8, -17, -9, 24, -24, -20, 8, -8, 23, -21, -19, 19, -13, -4, 5, 8, 13, -1, -17, 12, 27, 11, -14, 21, 23, -28, 37, -6, 18, 13, -22, 19, -8, -9, -42, -9, 16, -22, 34, 17};
weights_conv[11] = {24, -50, 4, 10, 19, 14, -3, 30, 31, -10, 0, 26, -11, 32, -25, -2, 39, -25, -9, -5, 20, 20, 32, -30, 18, 25, 19, -15, 1, -14, -19, 0, 20, 45, -15, -7, 34, 16, -23, 23, 22, -20, -25, 29, -9, -12, 19, -12, -1, 18, -24, 1, -23, -24, -1, 2, -25, 25, 9, -7, -10, 21, 27, 11, -18, 25, -17, -22, -59, -19, 15, 23, 10, 9};
weights_conv[12] = {22, 20, -14, -1, -17, -14, -28, 2, -8, -3, 16, 12, -14, -21, 18, 20, 10, 26, -17, -19, 10, -5, 0, -17, -26, -7, 10, -12, -9, 19, -29, -16, -42, -35, 16, 1, -22, 15, -16, 24, -5, -4, -23, 15, 0, 23, -12, 2, 6, -9, 8, 16, -28, -32, 3, -18, -22, 29, -4, 10, -17, -9, -39, -26, 10, -24, -1, -5, 12, 31, 5, -8, 9, -19};
weights_conv[13] = {44, -60, -14, 48, 32, -28, -4, -4, 3, 34, -6, -1, 35, -21, -8, -9, -4, -8, -11, -5, -30, -25, 54, -29, -28, -2, -18, 15, 14, -1, -26, -17, 25, 22, -12, 50, -45, 49, 9, -2, -23, -44, 6, 12, -49, 39, -12, -44, -40, 20, -23, 7, -13, -24, -36, -28, -28, -34, -14, 35, -2, -17, 51, 21, 28, 51, 8, 27, 35, -53, -7, -34, -22, 5};
weights_conv[14] = {11, 1, 8, -6, 9, 15, -14, -15, 19, 11, 22, -9, -21, -17, -6, 11, 3, -5, -6, 5, -16, 18, 9, 15, -11, -20, 6, 5, 19, -3, -8, -13, -2, 5, -10, -7, -10, -5, 18, 12, -29, -17, -22, 22, 12, -8, 11, 9, 12, 19, 11, -1, 15, 7, 1, -8, 15, 11, -11, -8, 10, -4, -1, -13, -10, -19, 0, 8, 8, -3, 2, 13, 8, 3};
weights_conv[15] = {-25, -11, 44, -37, -10, -19, 22, 35, -14, 24, -33, -26, -39, -40, 5, -4, 7, -29, 0, -15, -22, 40, -11, 45, 30, -17, -25, 2, 28, -7, 27, -44, 25, -20, 38, -30, 6, -13, -10, 48, -41, -41, -2, -2, -1, 1, -1, -17, 15, 62, -3, 2, 20, -8, -20, -9, 7, -23, -6, -3, 31, -58, 11, -12, 26, -50, 49, 23, 9, 11, 28, 32, -10, -41};
weights_conv[16] = {23, 2, -7, 19, -12, 19, 5, 22, -13, 21, -11, -8, 17, 19, 1, 0, 21, 13, 4, -5, 7, 8, -19, 6, -20, 21, 12, -5, -18, -2, 11, -9, 15, 9, 8, 6, -2, -19, -28, 16, 21, 1, 24, 12, -10, -25, 2, 12, 6, 24, 5, 19, 10, -8, 3, -6, 15, 18, 8, 25, -17, 22, 3, 0, -6, -6, -20, 10, 0, 4, 14, -1, 11, 3};
weights_conv[17] = {53, 111, 10, 75, 37, -5, 9, 24, 42, 28, -14, 28, -14, 17, 71, 39, 37, -8, 8, -23, 1, 0, 5, -49, -29, -21, -46, -1, -38, 29, 21, 31, -19, 12, 42, -10, -6, 38, -47, 7, -30, 49, 41, 0, 28, -50, 4, 38, 2, -34, 1, -9, -25, 76, 23, 21, 41, -27, -23, -13, 73, -30, 18, -6, -23, 31, 8, -40, -3, -18, 8, 41, 54, 31};
weights_conv[18] = {-25, -22, 28, 34, 30, -1, 9, -9, -9, 8, 10, 9, 22, 7, 18, 25, 1, -2, -8, -15, 3, -17, -18, 22, -14, -8, -6, -2, 15, 15, -27, -27, 24, 10, 15, 3, 31, -18, 17, -44, 4, -20, 0, 4, 10, -5, 7, -25, 7, 4, -12, 16, -29, 18, 28, 34, -21, 28, 14, 40, -18, -36, -21, 14, 16, -16, -12, -28, 4, 4, -8, 0, -7, 0};
weights_conv[19] = {20, 32, 24, -22, -3, -22, -11, 3, 9, 9, 26, 2, 12, 2, 11, -12, 31, 29, 15, 6, 0, 23, 4, -13, 0, 5, 14, -8, -12, -6, -14, -23, 16, -5, 19, 11, 9, -2, 2, 8, 9, -16, -33, 15, -6, -22, 10, 2, -12, 26, 16, 36, 12, -11, 20, -6, 11, 2, -13, -25, -7, -7, 20, -16, 22, 25, 4, -7, 14, -8, 35, 15, -9, 7};
weights_conv[20] = {-2, 30, -3, 5, -5, -14, 2, 0, -19, -16, -22, 5, 15, -1, -24, -15, 7, -8, -1, 1, 21, 27, 2, -23, 6, 11, 12, 10, -2, 5, -10, 7, 10, -32, -8, 8, -11, 6, -6, 3, 10, -11, -4, 11, -15, 0, 13, -20, 4, -15, -17, -11, 10, 9, 11, 5, 14, -13, -3, -21, 16, 11, 9, 18, 4, -12, 18, -9, 7, 0, -12, 5, -1, -10};
weights_conv[21] = {54, -39, 0, 46, -6, 43, 33, 7, -44, 11, -45, 38, 11, 50, 49, 2, 50, 13, 30, -27, 29, -2, 56, -15, 10, 28, 38, 46, 24, -61, -26, -24, 9, 38, -15, 34, -7, -20, 13, -56, 34, 39, 29, 33, -23, 28, -19, 30, -48, -18, -12, 61, 28, -2, -51, -48, 48, 7, 33, 60, 72, 56, -22, -10, -26, -22, -53, -11, -42, 29, -12, 38, -28, -26};
weights_conv[22] = {-15, 3, -12, 17, 2, -17, -1, -1, 3, -12, -8, 21, -11, -5, 0, -27, -11, 9, -21, 10, 6, -21, -11, -12, -17, 1, -18, 9, 18, -18, 27, -7, 9, -3, -4, 22, -10, 4, 23, -7, -2, -9, -13, -5, -24, 12, -12, 10, -16, 20, -13, 4, -18, 21, 3, 13, -21, 0, -5, -18, -7, -16, 26, -8, 13, 17, 17, -12, -25, -35, 13, -16, -2, -23};
weights_conv[23] = {-35, 12, -16, -62, -17, -38, -47, 29, 51, 51, -22, 12, -23, 37, 8, -19, -39, -15, -24, -31, 12, -31, -29, 19, 16, -31, 12, -11, -42, -6, -6, -6, 51, -38, -16, -17, 43, -5, 26, 5, -62, -71, 14, 17, 0, -23, -27, -19, -58, 35, -35, 12, 41, -28, 36, 43, -28, -38, -57, -6, -56, -31, 47, 9, -15, -27, 14, 13, 44, -29, 15, -30, -32, -22};
weights_conv[24] = {12, 19, 20, -13, 15, -5, 0, -8, -10, -4, -16, 4, 1, 3, -10, 7, -13, 10, 6, -10, 2, 34, -6, -36, 16, 35, 11, 17, -18, 1, -18, -27, -11, -24, 28, -6, 8, -13, 13, 14, 5, -11, 10, 4, 26, 12, -20, -2, 23, -6, -13, -33, -5, -3, 7, -5, 18, 6, 12, -31, -17, 8, -23, 5, 25, -4, 9, -9, -36, -17, -13, -8, 15, 5};
weights_conv[25] = {-96, -4, -7, -43, -9, 36, -29, 2, 33, -21, 32, -53, -44, -42, 30, 57, 26, 27, -1, 53, 36, 14, -32, 3, 46, 18, -41, -9, 30, 3, 22, -25, 54, 32, -37, 16, 8, -33, -13, 5, -26, 4, -40, 55, -3, -9, -31, -23, 13, 19, 2, 46, 4, -44, 23, 57, -24, -17, -73, -25, -46, -30, 26, -9, 30, 14, 56, 32, 34, 43, -8, -46, -42, 39};
weights_conv[26] = {9, -55, -18, 12, 33, -6, 5, 20, -10, -20, 27, 2, -6, 25, -7, 0, 35, -1, -17, 15, 12, 11, 5, -11, 12, 42, 21, 9, 10, -29, -20, 5, 1, 6, 16, 11, 30, -14, -27, -9, -12, 11, 27, -23, -5, -8, 2, -13, 5, 16, 5, -22, -32, 15, -2, -16, 5, -18, 41, -25, 17, 11, 31, -26, 8, 1, 2, 23, -23, 1, 39, -8, 18, -3};
weights_conv[27] = {26, 59, -29, 16, 1, -30, 27, 14, -40, -18, -4, 6, 14, -10, -30, 14, -15, -1, 20, -19, -38, -6, -43, 23, -20, -11, -12, 5, -18, -2, -15, -25, -30, 9, 2, 24, -15, -31, -25, 23, 19, 28, 36, 19, -29, -20, -12, -9, -32, -32, -20, 38, 18, -28, 15, 9, -6, -14, 28, 25, 10, -21, 31, 17, -38, -29, 10, 1, -18, -26, 17, -13, -41, -15};
weights_conv[28] = {-20, 14, -27, -13, -4, 19, 8, 13, -35, -5, 15, -6, -19, 30, -14, 0, -7, -3, -21, -23, 0, -10, 8, -5, -13, 16, 27, -19, -31, -32, 23, 13, -12, -17, 23, 25, 10, 15, 3, 0, 21, 21, 3, -12, -18, 12, -20, -5, 10, -31, 8, -16, 20, -12, 2, 12, 13, 7, 20, -6, 7, -4, 3, -2, 22, 7, -15, 12, -1, 14, 21, 7, 8, -10};
weights_conv[29] = {21, -24, -9, -2, 7, 30, 17, -1, 7, -17, 23, 6, 6, -21, -5, 30, -15, -17, 24, 19, -23, 2, 14, 4, 27, -6, -28, -31, 36, 26, -16, 19, -1, -32, 22, 2, 12, -5, 20, 16, 27, -33, 10, 23, 25, -20, -11, -15, -4, 6, 13, 23, -3, 24, 21, -6, -12, 19, -15, 6, 0, 16, -2, -4, -5, -37, -26, 13, 3, -21, -5, -24, 9, 29};
weights_conv[30] = {-8, 17, -3, 7, -15, -1, 17, -17, 15, -15, 14, 3, -20, 0, -3, -12, -22, 4, 27, 19, -6, 3, -29, 21, 27, -28, 30, -2, 12, -7, 22, 2, 25, -24, 26, -11, 3, -8, -2, -20, -21, -14, -2, 21, 16, 17, -24, 4, 24, -17, -4, -16, 28, -33, 25, 31, 14, -20, -25, -23, -22, 25, 26, 3, 4, -15, -4, 27, -13, 4, 26, -43, -34, 36};
weights_conv[31] = {-31, -19, -18, 56, 8, 15, -6, 1, -49, 29, -44, -30, 39, -16, 34, 7, 39, 31, 35, -3, 31, 21, 33, 29, -11, 15, 39, 11, 7, 27, 8, 47, -32, -9, 28, 49, 25, 0, 17, -10, 17, -32, 27, 20, -37, 16, -15, -33, 17, 40, 21, 1, -34, -3, -36, -17, -6, -18, 61, 34, 47, 55, 13, -23, -25, 22, 28, 14, 10, -32, -2, 28, -39, 30};
weights_conv[32] = {26, 7, 14, -13, -25, 8, -8, -4, 15, 19, -4, 14, -2, 17, -5, -14, 13, -5, -1, 8, -13, -4, 15, -25, -43, 19, -19, 7, -6, 1, -24, 10, -17, 2, -10, -26, -18, -9, 14, 16, 14, -15, -7, -21, -21, 14, -8, -13, -24, 10, -11, 8, -26, 2, -1, -7, 12, 3, 20, 10, 18, -5, -10, 11, -25, -5, -22, 11, 3, -28, -27, 10, 28, -16};
weights_conv[33] = {34, 52, 40, 6, 52, -14, 16, 10, -60, 13, -27, 30, -28, 54, 23, -47, -59, -43, -40, 38, 15, -6, 48, -32, -61, 35, -32, -25, -14, 50, 33, 64, -80, -86, 49, 55, -35, -43, -81, -45, -11, -34, 32, -33, -11, 29, 62, 42, -30, 25, -19, 8, 46, -12, 20, 10, -4, 19, 41, 51, 13, 61, 7, 43, 11, -52, -46, 41, -3, 51, -54, -29, 93, -19};
weights_conv[34] = {-9, 17, -1, -10, -11, 13, 12, -5, -2, 11, 16, -16, 7, -3, 5, 15, 11, 16, 5, 5, -21, -7, -5, 1, -4, -15, 7, -1, -5, -8, -3, -16, -9, -6, -1, 4, -11, -2, -9, -1, -27, 0, 8, 6, 16, 6, 8, 11, -26, 2, 18, -2, 2, 8, 4, -3, 6, -15, 4, 5, -13, -8, 5, 5, -9, -14, -13, -3, 26, 8, -16, 16, 11, -4};
weights_conv[35] = {-13, 15, -8, 4, 16, -3, -1, -12, 5, -12, -22, 13, -6, 9, 0, -10, 26, 13, 4, 15, 18, 4, 13, 5, -11, 7, 22, -13, -6, -10, 12, -2, 18, -11, 7, -5, 5, -13, -1, 1, 15, 15, 17, -5, -15, 16, -6, 3, 19, 9, -11, 3, -10, 2, -10, -9, 9, 0, -5, 5, -4, -2, -12, 1, -4, -5, -7, -6, 0, -5, 17, 6, 1, -7};
weights_conv[36] = {-26, 17, -15, 4, -34, 2, 2, -27, -26, -39, 30, -10, -50, 15, -53, 33, -1, 30, 46, 26, -17, 69, -14, -14, 12, 34, 39, -30, -16, -18, 39, 24, -2, 36, -29, 14, 12, 27, 28, 27, 4, -52, -37, 67, 20, 19, -35, -42, -1, 24, -16, -28, -34, 7, 26, 42, -38, -46, 1, 28, 13, -14, 35, 15, -4, -33, 46, -16, -4, -15, -12, -47, 26, 6};
weights_conv[37] = {-5, -8, -8, 10, -21, 11, -2, 0, 9, 9, 9, 2, -1, 0, 12, 5, 3, 10, 4, -18, -12, -6, 4, 19, -7, -17, -16, -4, 23, -5, -16, -11, 9, -4, -16, -3, -6, -16, -13, 8, -18, -17, -11, 13, 9, -3, -15, 16, 1, -8, 15, -4, -12, 9, -1, 17, -18, 7, 36, 3, 10, 4, 13, -1, 8, 5, -2, 13, 0, 3, 6, -8, 0, 5};
weights_conv[38] = {13, -16, 4, -8, 9, 29, 22, 1, -7, -12, 8, -25, -11, -18, 30, 4, 0, -2, 22, 7, 12, -9, -9, -3, -7, 7, -8, 12, 12, -13, -12, -14, -9, 3, 6, -27, -6, 4, 23, 10, -16, -9, 3, 2, 2, 11, -3, -9, -10, 3, 26, 9, -9, 12, 20, 8, -18, -25, -17, -8, 21, 10, 4, 13, 13, -13, -23, -10, 26, 8, 2, -16, 5, 0};
weights_conv[39] = {20, 35, 23, 18, 15, 3, 28, 0, 9, -4, 5, 34, -21, -38, 33, 40, -14, -23, -33, -33, -32, 6, 13, -19, -3, 22, -8, 35, -32, -12, -38, 5, -51, 41, -27, 0, 36, -41, -3, 18, -7, 42, 2, -4, 24, 9, 30, 5, -8, -6, 6, -21, -25, 12, 19, -42, -12, 33, -9, -7, 1, 34, 5, -24, -4, 24, -17, -35, -22, -17, -11, -22, 50, -4};
weights_conv[40] = {8, 110, -45, -1, -9, 42, 43, -16, -28, -39, 51, -18, -59, -50, -12, 3, -15, -43, 11, 32, -2, 60, -77, -21, 40, 6, 1, 11, 21, 66, 32, 43, 55, -22, -8, 30, 20, -71, 15, 36, -39, -14, 10, 61, 13, -34, -13, -19, 31, -7, -38, -34, 11, 50, 34, -14, 38, -29, -4, 16, 41, -7, 70, -42, 47, 12, 19, -27, -12, -59, -63, -55, 9, -48};
weights_conv[41] = {12, 8, 3, -32, -35, -43, -17, 24, -26, -37, -11, -18, -20, 6, -10, -30, 0, 35, -26, -5, -28, 6, -41, 5, -20, 19, 0, -33, 26, 6, -18, -38, -56, -22, -3, -9, 4, -38, 29, 3, 36, 30, 21, -5, 16, 20, 9, 3, 48, 20, 8, -12, -38, -27, -34, 16, -28, 2, -49, -23, -40, -39, -55, 19, 23, 32, -34, 6, 30, 2, -22, 19, -19, -4};
weights_conv[42] = {-35, -18, 20, 16, -10, 3, -23, 27, 7, 14, -16, 4, -11, 27, 2, 11, 8, 11, 22, 5, 2, -7, 29, 19, -21, 29, 34, -6, 26, 16, 44, 32, 16, 25, 20, -4, 13, 24, -17, -24, 34, -10, 18, 31, 20, -28, 36, 31, 13, -28, 6, 20, -19, 7, 21, 9, 32, 8, -35, -14, 38, -22, 28, -22, 31, -14, 21, 7, 15, -24, 6, -24, 35, 37};
weights_conv[43] = {36, -65, -27, 17, 4, -18, -2, -1, 35, 13, 2, 3, 35, 35, -26, 0, 0, 8, 2, 11, -8, -37, -20, -14, -48, 17, 9, 6, -7, 7, 19, -9, -2, 53, -41, -16, -10, -1, -3, 0, -19, 21, -5, 14, -11, -1, -9, -9, -20, -21, 19, 34, -25, 13, -5, 31, 23, 3, -11, 4, -32, 29, 33, -13, -36, 27, -34, -11, 19, -20, -10, -25, -10, -18};
weights_conv[44] = {-8, -127, 9, 25, 14, 15, -23, 18, -13, 24, 32, -12, -28, -12, -40, 13, 75, -31, 24, 11, -3, 59, -6, -35, -29, -20, 10, 64, 2, -8, 18, 28, 40, 48, 30, -25, -12, 24, -34, 9, 17, 17, -34, 25, 46, 44, -32, 11, 16, 13, -36, -28, -36, 34, -38, 20, 19, 18, 44, 24, 27, -1, 50, 6, -36, -27, -46, -19, 28, -41, 6, 14, 54, 15};
weights_conv[45] = {-4, -26, 13, -18, 14, -25, 6, -7, -21, -23, -10, -2, 3, 20, 1, -8, 0, 23, 10, 22, -9, -13, -5, -10, -5, 8, 23, 8, 19, -5, -14, -5, -8, -26, 0, 25, -10, -12, -10, 25, -5, -11, 24, -14, 2, -2, -4, 3, 8, 4, -6, 13, 12, 7, -12, -1, 8, 26, -6, -3, 3, -4, -5, 17, 17, -4, 27, -13, -25, 4, 11, -7, -11, 18};
weights_conv[46] = {10, -33, 18, 9, -22, 5, 23, -25, 6, 18, 21, -21, -32, 5, 15, 10, 22, -1, 12, -11, 11, 22, -1, 16, -15, -14, 18, -18, 14, -17, 28, 45, -16, -7, -25, 12, -3, 5, 6, 2, 27, -27, 17, -8, -27, 30, -26, -28, -5, 20, 8, -14, 41, -14, 14, 23, 8, -18, -24, 8, -38, -1, -13, -4, 16, 15, 14, 31, -2, -29, -31, -37, -29, 2};
weights_conv[47] = {-5, -77, 18, -1, -4, -3, -14, -37, 3, -38, 0, -2, 7, -18, 10, -2, 26, -18, -40, -24, -15, -2, 36, -27, 21, 27, -26, -19, -8, -11, 41, 29, -18, 29, 11, -30, 12, 35, -11, 0, 4, 25, -37, 20, 3, 19, 53, -12, 6, 18, -2, 10, 14, 7, -3, -29, -15, -16, 3, 18, 31, 2, 29, 25, -21, 34, 30, 0, -37, 34, 47, 20, -16, 13};
weights_conv[48] = {0, -1, -39, -2, 30, -40, -14, 5, 19, -26, -20, -28, -8, 27, -13, 21, -5, -15, 21, 24, 14, 23, -8, 33, -20, -13, -14, -8, 24, -8, 33, 41, 32, 4, -28, -34, -43, -11, 12, 28, 11, 7, 8, -7, -26, 27, -1, -44, -13, -18, 3, -4, 27, -2, -3, -1, 20, -29, 9, -4, -48, 29, -3, 3, -1, -22, 24, 16, 17, 14, -22, -42, -22, 20};
weights_conv[49] = {-28, 26, 33, -35, -43, 29, 28, 27, -3, 1, -12, 16, -39, -50, -8, -27, -25, 29, 64, -17, 46, 50, -71, 24, 22, 40, -15, -25, -4, -12, 48, 36, 69, -33, -29, -15, -38, -42, 30, 42, 3, 19, -11, 14, -7, 31, 26, -36, -30, 46, -18, -6, 51, -34, 26, 39, 19, -4, -36, 42, -47, -52, -32, -19, -18, -39, 29, 27, 24, -27, -14, -19, 1, 35};
weights_conv[50] = {-30, -19, 11, 21, -5, 25, 34, 18, 18, -24, -33, 1, 2, -15, 18, 11, 36, 2, 25, 30, 3, 18, -3, -11, -6, 46, 3, -8, -34, 7, -2, 14, 14, -46, -5, 10, -9, -21, 2, 1, 13, 29, 10, -1, -4, 11, -2, -24, -18, 7, 12, -21, 4, -28, 15, -14, 33, -20, 20, -51, 8, -8, -20, 34, -2, 20, 8, -7, -40, 14, 24, 2, 24, 22};
weights_conv[51] = {-10, 32, 28, -10, 9, 23, -4, -11, 0, 29, -5, -18, 12, -32, 8, 7, 15, 21, -1, -16, -2, 15, 6, 20, 15, -24, 3, -14, -7, 34, 14, -19, -13, 2, -27, -7, 12, -15, -9, 11, -15, -18, -9, -18, 19, 22, -12, 4, 20, 10, -7, 22, -8, 10, 3, 14, 20, 9, -7, 3, 24, -14, 1, 20, 2, 0, -13, 13, 9, -1, -7, 27, 23, 13};
weights_conv[52] = {23, -20, 4, 12, -20, 23, -5, -7, 13, -16, 9, -9, 17, -17, 15, 13, 36, 14, 17, 9, -24, 10, -2, -32, -33, -3, -22, 32, 13, 10, -10, -11, 43, 4, -5, -25, -7, -4, -18, -19, 0, -9, 15, 9, -21, 13, 17, -9, 17, 16, -21, 25, -22, 5, 32, -5, 11, -9, 23, 14, -1, -11, 0, 3, -31, 27, -29, -10, -23, -8, 22, 2, 11, -21};
weights_conv[53] = {-44, 10, -18, -2, 3, 18, -15, -8, -14, 3, 1, 1, 2, -25, -14, -2, 36, 3, 17, -29, 31, 42, -9, -15, 29, -16, -28, 6, -14, 34, -27, 26, 16, -3, 30, 5, 32, -38, -3, 10, -27, -39, -35, 12, 5, 46, -21, 25, -1, 37, 22, -1, -1, 6, -19, 10, -41, -45, 0, -2, -8, 16, -30, 30, -24, -43, -2, 3, -27, 12, -22, -4, 4, -8};
weights_conv[54] = {-51, 59, -40, 35, 48, -42, -35, 2, 43, 9, 25, 19, -13, -22, 29, -31, -27, 19, 5, 51, 36, 11, -10, -19, -14, -28, -1, -38, -26, 32, 52, 8, -15, -7, -46, -8, 6, -50, -52, -48, 12, -44, -53, 19, 58, -44, -19, -30, -48, 16, 18, 33, -2, 3, 9, -16, 33, -13, 20, -26, 38, 19, 22, -6, -14, -23, 50, -37, 5, -11, -20, -38, 33, 39};
weights_conv[55] = {-17, -17, -31, -16, -49, -20, -42, 13, 26, 3, 34, -28, 9, -2, -8, 14, -31, 5, 22, 22, 26, -28, -13, 42, -22, -22, 3, -20, 23, -9, -23, -20, 1, 17, 2, 18, -31, -6, -53, -12, 28, -8, -13, 42, -12, 29, -38, -27, -29, 15, 10, -7, 15, -50, -15, 18, -42, -40, 27, 21, 13, -6, -22, 12, 7, 19, 7, 17, 2, -8, -5, 14, 8, 23};
weights_conv[56] = {18, -7, 4, 26, -8, -9, 29, -23, 8, 25, -5, 10, -25, 14, -14, -2, -35, 8, -8, -13, -16, 5, -6, 21, 11, -6, -1, -18, 33, 32, 7, -2, -2, -1, -2, -9, -28, -21, 11, 6, 15, 16, -18, 5, 16, -1, -12, -10, -6, -4, 10, -6, -10, 31, -3, 6, -28, 16, 15, -28, 2, -16, 5, 25, 2, 12, 19, 1, 20, 29, -2, -13, -2, -15};
weights_conv[57] = {-7, -16, 0, -4, 18, -1, 17, -4, 10, -12, -20, 19, 9, 24, 12, -3, 16, 4, 9, 15, -9, 12, 24, -7, 0, 17, 5, -11, -12, -26, -10, -8, -20, 4, -5, 4, 18, 17, -5, -11, 19, 10, 2, -1, -18, -24, -17, -18, 8, -8, -12, -19, -5, -1, -11, 17, -8, -1, 18, -1, 25, 16, 11, 12, 8, -2, 17, -6, -18, -1, 4, 8, -4, -9};
weights_conv[58] = {60, -2, -20, -4, 13, -23, 11, 11, -32, 0, -22, 9, -11, 26, -19, -1, -33, -21, -17, -3, 3, -22, -8, -20, -20, 0, -10, 23, 6, 28, -3, -1, -28, -49, 20, 1, 19, -26, 4, -49, -17, -35, 24, 23, 29, -9, 22, 0, -32, -17, 25, -15, -34, -13, -6, 18, -17, 6, -1, -15, 6, 7, -33, -18, 27, -26, -15, 30, -4, 5, 23, 13, 19, 30};
weights_conv[59] = {8, 17, 3, 16, 16, 15, 11, 8, -11, -7, -33, 17, -19, -2, 6, -23, 1, 20, 20, -13, 19, 5, -1, -9, 14, 12, 14, -9, 6, -34, -7, 14, 22, -7, 29, -7, 2, 9, -14, -14, 4, 16, 24, -19, 13, 1, -17, 10, 26, 37, 2, -4, 3, -15, -16, 15, -14, 11, -6, 22, 23, -1, -8, 14, -5, -23, 26, 20, 5, -22, 9, 13, 43, -12};
weights_conv[60] = {39, -16, 32, 24, -19, 9, 2, -21, -15, 4, -9, -6, 9, 27, -5, 13, -10, -12, -12, -27, 34, -13, 16, -28, 8, 17, 30, -6, 12, 1, 29, -15, 14, 31, 27, 38, 29, 25, 2, 3, 12, -9, 28, 11, -34, 19, 40, 17, 9, 10, -17, -19, -19, 38, -14, -19, -2, 15, 24, 0, 21, 30, 5, 19, -17, 36, -1, -5, 1, -18, -7, -21, -28, 7};
weights_conv[61] = {-10, -8, 17, -7, -19, 17, 13, -9, 3, -2, 12, -11, -18, -9, 6, 21, -19, 11, 11, -15, -4, 4, -17, -7, 5, -17, 5, 9, 6, 9, -15, -19, 9, 8, 9, -2, -10, 13, -11, 10, -9, -14, -19, 15, 5, -3, 11, -10, -15, 9, -2, -13, -15, -11, 9, -6, -14, -2, 20, 11, 0, 8, 11, 10, -10, -1, -6, 13, 2, -9, -4, 13, -6, -11};
weights_conv[62] = {16, -5, 2, 15, 7, 8, 31, 24, 0, 7, 8, -8, -28, -24, 15, 29, -42, 5, 5, 3, -9, 13, -15, -11, 29, -14, -34, 6, -15, -5, -18, 0, -25, 12, 26, -33, -14, 13, 10, 21, -1, 2, 9, 11, 4, -1, 4, -20, -19, -20, -6, 11, 1, 4, 19, -2, 1, -12, -7, -32, -23, -24, -5, 25, -5, 1, 11, 14, 10, -6, -30, -9, 13, -3};
weights_conv[63] = {1, 23, -5, 18, 15, -26, 29, -24, -5, 3, -15, -29, -12, 24, 12, 28, 0, -21, 12, 15, 17, -16, -8, 4, -19, -29, 11, -9, -2, 3, 21, 13, 3, -29, 30, 24, -18, -8, -10, 1, -1, 22, -8, -3, 0, 8, -15, 2, -15, 24, -18, -21, -16, 13, -26, 23, 1, 28, -8, -15, 1, -6, -21, 7, -9, -2, 12, 7, -12, -24, -21, -9, 8, 22};
weights_conv[64] = {-1, -7, 10, 16, -10, 13, -12, 0, 14, 9, 7, -10, -1, -6, 2, -5, 3, -5, -14, -18, 14, 6, -12, 12, -5, -7, -3, 10, 4, 9, 2, -11, 16, 9, 1, -26, -12, -20, 0, 10, -27, -18, -4, 13, 13, 2, -2, -12, 2, -18, 7, 1, 16, -5, 5, 3, 16, -6, 18, 10, 12, 15, 1, -8, 3, 5, 1, -7, 16, 14, -17, -11, -5, -13};
weights_conv[65] = {20, 17, 6, -40, 10, -24, -18, -28, 35, 35, 35, 25, -62, -34, -40, 58, 4, -35, 23, 28, -13, -7, 19, -9, 39, -56, 0, 0, 8, -6, -9, -36, 47, -27, 3, -24, -60, 11, -19, -41, 11, 17, -9, 37, 17, -33, 3, -39, -54, 31, -10, 34, 32, -58, 18, 38, 42, -25, -44, -46, -27, -26, 20, 23, 48, -30, 61, 2, 65, 17, -14, -3, -22, -25};
weights_conv[66] = {-9, 1, 11, -13, 16, 6, 13, 5, -28, 6, -4, 9, 13, 4, 9, -7, 15, 1, -5, -3, 11, -4, 4, 0, 3, -9, 0, -2, -16, -19, 8, 5, 6, 3, -2, 14, -9, 0, 12, -8, 15, -4, 23, -10, -8, 4, -6, 10, 11, -14, -1, 2, -8, -2, 12, 6, -8, 3, -3, -3, 5, 9, -1, -15, 11, 29, 12, -14, -21, -12, -7, 8, -7, -11};
weights_conv[67] = {12, -11, 12, 0, -7, -6, -4, -1, 7, 6, -16, 15, -14, -2, 13, -34, 9, -18, 21, 13, 22, 29, 24, -18, 26, 28, 14, 6, 23, 16, -10, -17, -2, -8, 60, 6, 14, 16, 26, 2, 42, 30, -11, -22, 17, 23, -23, 22, 11, 3, -34, -25, 11, -9, 16, -26, 4, 21, -7, -25, 15, 7, -18, -4, -5, 10, -27, -8, 16, 5, 28, -6, 21, 19};
weights_conv[68] = {-42, -95, -38, 47, 28, 18, -13, -7, -2, -16, 8, 6, 2, 10, -33, -5, 1, -33, -23, 5, -17, -16, 3, -9, -1, -28, -18, -16, -31, 7, 8, -11, 32, -5, 23, -1, 5, 0, 24, -2, 6, 15, 9, 25, -17, 14, -32, -19, -20, -9, 32, -3, -15, 22, -26, 16, 16, 26, -3, 5, -28, 14, 23, -12, 9, -21, -39, -29, -33, -28, -4, -22, -30, -21};
weights_conv[69] = {8, -8, -13, -5, 9, 16, 4, 10, -13, 0, 5, 19, -15, -17, -8, -6, 21, -26, -20, -16, -15, 18, 21, -31, 21, 36, 7, 8, -2, -24, -27, 0, 17, 9, -10, 29, -3, -1, -13, -13, 31, 30, 14, 17, -10, 5, 8, 8, 7, -22, -9, 3, 9, -18, 3, -15, 8, -9, -7, -1, 19, 4, -4, 0, 20, 15, 1, -17, -6, -10, 4, -4, 25, 3};
weights_conv[70] = {11, 13, -14, 11, 15, -15, 12, -13, 21, 17, 0, -11, 9, 16, 9, -6, 13, 5, 7, 15, 30, 7, -25, 7, 13, 0, 26, -11, 7, -1, -3, 13, 17, -14, 10, -12, 9, 11, -8, -7, 20, 13, -18, -13, -18, 25, 19, 6, 22, -11, -19, 18, 16, 5, -3, 7, -5, -14, 4, -11, -17, -11, -6, -6, 23, 25, -20, -8, -24, -2, -21, 16, -31, 22};
weights_conv[71] = {-97, -118, 43, 8, 49, -3, 53, 33, 32, -19, 32, -20, -17, -1, -53, -25, 45, -36, -9, -14, 45, 21, 20, -21, -26, 1, -18, -13, 16, -45, 48, 49, 52, -3, -16, 20, -15, -13, -3, -12, -33, 15, -60, -35, -33, -62, 45, -23, 5, -13, -31, -34, -33, -29, 51, -34, -12, 37, 29, 19, 25, 29, 9, -31, -22, -25, 13, -12, 1, -36, 10, 38, 27, 31};

Bias (8 bit):
bias_conv = {-1922, -4134, -2619, 6682, -9276, -1841, 5252, -393, 1589, 3042, 1514, -10544, -8455, 10322, -2398, -890, 6872, 6075, 2767, -2106, -5795, -5060, -4003, 2108, -7911, 122, -930, -13204, 1453, -17318, 16962, -637, 554, -186, -264, -1436, -3334, 898, -1042, 6573, -16984, -1809, -3293, -617, 8953, -5392, -4319, 2806, 13732, 4898, -15012, 1240, -7120, -2231, -17297, -8669, 62, -1416, 3192, 8970, -7245, -8909, -6580, -3188, -9385, -11850, -771, -477, -13896, 15304, 3917, -8431};
Input range (8 bit):
 [-5, -4, -3, -2, -1, 0, 1, 2, 3, 4]
Output range (8 bit):
 [-118, -94, -71, -47, -24, 0, 24, 47, 71, 94]
