Input scale (32 bit):
 339402176
Input zero point:
 93
Weight scale (32 bit):
 8293732
Weight zero point:
 122
Output scale (32 bit):
 276125280
Output zero point:
 129
M scale (32 bit):
 10194324
Weight (8 bit):
weights_conv[0] = {11, 11, 30, 37, -38, 31, -42, 19, 39, -20, 18, -1, 46, 1, -1, 66, -62, -33, 78, 44, 30, -67, -14, -48, 34, -26, 32, 2, -66, 67, -44, 63, 26, 50, 16, 42, 62, 65, 42, -57, -54, 42, 79, -44, 56, 56, 5, -33, -32, 19, -49, -21, -1, 1, 34, -9, 72, -76, -40, -2, 77, 21, 24, 65, 16, -4, -15, 13, -30, -36, -68, -23};
weights_conv[1] = {42, 2, 30, -46, -33, 9, -62, -15, 32, -3, 4, 46, 28, 29, 42, 35, 35, -3, -59, 52, -27, -26, 43, -51, -24, -70, 55, -4, -44, 3, -35, -47, -46, -17, -57, -22, 69, -28, -12, 9, 14, -26, 24, 23, -18, 9, -17, -6, 50, -40, 26, -33, 8, 35, 3, -37, -10, 18, -42, -110, 62, 42, 50, 41, -30, 23, 18, -13, 28, -7, 50, 4};
weights_conv[2] = {43, -14, 24, -3, -58, 16, 25, 69, 18, 65, 30, 42, 54, 49, 41, -28, 39, -52, 68, 23, -16, -79, -8, -49, 75, -17, 74, -49, -5, -17, -21, 2, 32, 37, -16, 72, -32, 69, -46, -20, 0, 12, 61, -46, 58, 34, -40, 1, -27, 35, -48, 21, -55, 12, 4, -16, 35, -65, 16, -103, 73, 2, 53, 52, -38, 2, -15, 26, -28, -51, 17, -21};
weights_conv[3] = {-1, 0, 0, -1, 0, -1, -1, -1, -1, -1, 0, 0, 0, -1, 0, -1, -1, -1, -1, -1, 0, 0, -1, 0, 0, 0, -1, -1, 0, 0, -1, -1, -1, -1, 0, 0, 0, -1, 0, -1, 3, 3, -1, 0, 0, 1, -1, 0, -1, -1, -1, 0, 0, 0, -1, -1, 0, -1, 0, 0, -1, -1, 0, -1, 0, -1, -1, 0, -1, 0, -2, 0};
weights_conv[4] = {50, -49, -2, 34, 7, -30, 50, 1, 17, 48, -26, -61, 11, 28, 12, -12, 18, -66, 0, 21, 47, 5, -60, -10, 76, -45, -31, -11, 18, -11, 23, 12, 28, -44, -6, -45, -3, 0, -1, 28, 5, -21, 42, -2, -19, 53, 27, 47, -18, 49, -7, 45, -5, 1, -43, -36, 71, 7, 2, -54, 36, 7, 80, -31, 22, 18, 3, 14, -57, -59, 51, 7};
weights_conv[5] = {74, 66, -60, 57, -94, -45, 59, -3, 45, 35, -11, -16, 7, 27, -50, -11, -1, -66, 80, -59, 37, -66, -6, 25, 28, -50, 10, -19, -52, 47, 36, 25, 63, 72, 36, 61, -26, 69, -25, 20, 11, -30, 8, 16, 13, 43, -44, -27, 59, -17, -21, 3, 5, 24, -22, -4, 38, 17, -55, -110, 14, 32, -23, 85, -14, -42, 68, -14, -36, 59, 52, -19};
weights_conv[6] = {48, -27, 29, 48, -4, 46, -27, 43, 15, 23, 21, -40, 51, 26, 81, -47, -96, -32, 12, 14, 45, 69, -76, -12, 66, 39, -55, -86, 86, 5, -64, -104, 18, -45, 34, -73, 53, -37, -40, 10, -78, -60, 59, 11, 32, -15, -24, 49, 47, -23, -38, 45, -19, -14, -30, -47, 58, 28, -24, -26, -68, 2, 48, 6, -18, -49, 9, -12, -46, -31, -50, -2};
weights_conv[7] = {-42, -102, 79, 29, 86, 38, -6, 37, 2, -55, 22, -77, 43, 45, 116, 83, 22, -23, -45, -67, 70, 95, -100, -41, 133, -8, -5, -4, -11, 98, 13, 11, -38, -78, 60, -37, 67, -40, -41, 56, -44, 45, 33, -108, 17, -2, -31, 38, 29, -9, 41, 70, -66, -34, -111, 62, 38, 6, 58, 11, -35, 38, 9, 51, -73, 33, -17, 78, -15, -95, 21, 5};
weights_conv[8] = {-25, 18, 5, 3, 26, -28, -23, 14, 70, -33, 52, 44, -12, 23, -23, 44, -17, -5, 33, 15, 57, -88, 51, 6, 5, 35, -1, -4, -68, -25, 44, 31, -18, 5, 1, 30, -24, 11, 12, 51, 52, -42, 12, -20, 21, 76, -65, -39, -2, 38, -52, -18, 53, 14, 48, 46, 20, -41, 31, -80, -4, 59, -13, -3, -29, -34, -39, -12, 60, -36, 28, -38};
weights_conv[9] = {-19, -54, 14, -11, -34, -21, 14, 2, 16, 37, 22, 9, -13, 69, -17, 12, 34, -12, 59, -21, 42, -27, 49, -74, 36, -60, -15, 52, -60, 4, -33, -2, 20, -24, -4, 20, 11, 10, -24, -12, 1, 5, 15, -32, 20, 11, -2, -20, 8, -38, -18, -61, 9, -38, 0, -37, 57, -27, 2, -72, -38, 18, 2, -7, 4, 33, -50, -32, 16, 7, -17, -10};
weights_conv[10] = {32, -28, 58, -33, 24, -28, -35, 68, -9, 25, 4, 48, 75, -25, -33, 70, -6, -16, -14, 14, 0, 8, -9, 18, 33, -45, 56, -24, -103, 75, 30, 35, 38, -20, 12, 52, -15, -18, 54, -10, -41, -19, 45, -65, 14, -11, 10, 48, 30, -28, 3, -58, -43, 60, 34, 12, 42, 37, 0, -29, -17, 24, -5, 9, -50, 12, 57, -19, -52, 41, 0, -23};
weights_conv[11] = {48, -8, -44, -55, -14, 60, -51, -23, -32, -47, 29, 13, -18, 47, -32, -39, -28, -4, 8, 56, 18, -20, -64, -11, -32, 35, -47, -41, -12, -44, 52, -11, 58, 45, 47, 45, -47, 50, -41, -14, 41, 25, -43, 19, -70, -33, 26, 38, 4, 56, 1, -21, -27, 27, 50, -50, -4, 44, 50, -50, -54, 39, 33, 16, -76, -47, 24, 63, 15, -34, -34, -50};
weights_conv[12] = {-15, -9, -21, 23, 32, 53, -4, 6, -43, -26, -35, -7, 4, 44, -32, 51, 54, 19, 57, -39, 23, -29, -31, -15, 63, -2, 34, -56, -13, 66, -46, -5, 38, 61, -42, 5, -2, 55, 19, 25, 47, -10, 58, -54, 27, -9, -33, 20, 15, -44, -46, 13, 17, -35, -62, -2, 21, -3, -64, -36, -25, 35, 62, 59, -19, 16, -23, 17, -14, -5, 2, -52};
weights_conv[13] = {-36, -50, 27, 34, 26, -29, -28, 9, -80, 19, -21, -56, 14, 41, -7, 18, -60, -10, 17, -41, 20, 8, -27, -23, 56, -7, -41, -43, 39, 83, -30, -70, 11, -34, 2, -43, 75, -39, -24, -52, 28, 39, 29, 10, 62, -6, 15, 38, -1, -21, 41, -2, -26, -54, -35, -34, 69, 7, 17, 35, -89, 7, 7, -32, -41, -6, -5, 24, 0, 0, -29, -20};
weights_conv[14] = {-28, 52, -10, -4, -2, -43, 9, -73, 43, 22, -5, 62, 34, -50, -51, -24, -7, 27, 26, 18, -29, -11, -35, -15, 15, -54, 21, -28, 41, -48, 11, -74, 42, -55, -19, -28, 17, 3, 18, 6, 6, -28, 1, 40, 22, -23, 57, 30, 21, 34, 33, 39, 39, 3, 66, -6, -21, -26, 7, 9, -73, 1, -50, 18, 8, 42, -16, 28, 60, 4, 6, 54};
weights_conv[15] = {-10, 19, -51, -12, -20, -44, -28, 59, -11, 10, -33, 45, 55, 16, -29, -16, -15, -51, 31, -31, -46, -78, 62, -8, 43, -23, -20, 58, -104, 66, 46, -22, 71, 66, 3, 22, -4, 13, 52, 54, 62, 30, 68, -11, -38, 54, 35, 47, 38, 18, -27, 15, -15, 11, 17, -19, 75, -32, 5, -80, -13, 24, 0, 25, 14, 32, 30, -7, 14, 68, 3, 54};
weights_conv[16] = {-5, 8, -14, -10, 12, 0, 0, -31, 4, 4, 19, -20, 0, -26, -24, 12, 1, -4, -5, 0, 17, 0, -33, 0, -2, 0, -9, 0, 1, -4, -5, -18, -17, -3, 22, -12, -25, -6, 7, -21, 2, 0, 1, 0, -26, -5, 1, 27, -11, 0, 0, 9, 0, 0, 13, 1, 4, 9, -10, -1, 1, 6, 21, -10, 7, 1, 13, 13, 14, -1, 22, 0};
weights_conv[17] = {50, 4, -22, -61, -33, 50, -20, -48, -28, -16, -58, 76, 15, 57, -7, -22, 16, -73, 75, 5, -4, -32, 26, -3, 53, 30, -17, 2, -4, 42, -55, 2, -4, -11, 33, 45, 12, 79, 25, -24, 23, -22, 44, 80, 53, -16, 15, 6, 21, -53, 20, 63, 37, -34, 50, -77, 22, 60, -29, 21, -32, 51, -25, 0, 48, -33, -35, -44, -37, -9, -52, -45};
weights_conv[18] = {-62, -22, -96, 49, 13, -46, 18, 72, 20, 12, -2, -49, 1, 20, -69, 19, 17, -30, 20, 35, -9, -36, 19, 2, -52, 45, 17, 53, -33, -3, -29, 29, -42, -25, 33, 63, -117, 74, 22, -8, 19, 35, 1, -57, 11, 75, 28, -42, 12, 25, 38, -34, 27, -41, 39, 38, 70, -1, -71, -86, -3, -21, -3, 34, -43, -34, 20, 42, 63, -10, 68, 10};
weights_conv[19] = {-6, 30, 34, -29, -16, -10, 29, 40, 26, -53, -27, 24, 9, 32, 21, 11, 40, -15, 42, 26, 38, 22, -5, -32, 47, -49, 44, 20, 7, 5, 45, -39, 31, 8, 35, 40, -11, -60, 26, -56, -11, -4, -28, -39, 47, -43, -57, 14, -5, 44, 1, 42, -46, -51, 0, 31, -18, -8, -4, 31, 7, -21, -40, -48, -31, -7, -31, 7, 33, 39, -41, 34};
weights_conv[20] = {55, 22, 9, -1, 47, -20, -13, 57, -27, 37, -38, 5, -7, -17, 38, -26, -22, -36, 50, 0, 58, -48, -27, -35, 15, -49, 59, 39, -18, 70, -52, -4, -10, -29, -35, -20, 25, 27, 20, 1, -28, 42, 72, -2, 10, -7, -1, -2, -10, -3, 22, -24, 2, 4, 50, -26, -10, 29, -39, -18, -25, 60, 12, 26, 28, -37, 15, 53, -51, 31, 31, 52};
weights_conv[21] = {38, 0, 51, 20, 79, 4, -10, 51, -108, 10, -84, -69, -12, -15, 22, -40, -40, 56, 37, -21, 54, -15, -27, -10, -27, -3, 2, -15, 49, 42, 25, -41, -75, -20, 4, -84, 85, -53, -19, -3, 37, -67, 43, -24, 81, -16, -47, 49, 19, -16, -21, -46, -64, -61, -10, -38, -21, 42, 20, 24, -86, 52, 13, -44, 3, 13, -31, 2, -81, -16, 8, -14};
weights_conv[22] = {-48, 22, -44, 46, -12, 72, -9, 37, 56, 49, 68, -25, 37, 15, -14, -15, 82, 62, 45, 32, 15, 26, -43, 40, -52, 15, 42, -25, 35, -44, 56, 9, 8, -5, 38, -4, -19, -69, -57, 51, 29, 6, 3, -63, 7, 45, 48, 45, 42, -10, 35, 42, 27, -47, 32, -8, -56, -19, 22, -17, -30, -2, -8, -54, -10, 39, 68, -39, -48, -46, 17, 24};
weights_conv[23] = {0, 0, 0, 0, 0, 0, 0, 0, 0, 0, 0, 0, 0, 0, 0, 0, -2, 0, 0, 0, 0, 0, 0, 0, 0, 0, 0, 0, 0, 0, 0, 0, 0, 0, 0, 0, 0, 0, 0, 0, 0, -4, 0, 0, 0, 0, 0, 0, 0, 0, -6, 0, 0, 0, 0, 0, 0, 0, 0, 0, 0, 0, 0, 0, 0, 0, 0, 0, 0, 0, -1, 0};
weights_conv[24] = {-5, 0, 0, 0, 0, 0, 0, 0, 0, 0, 0, 0, 1, -1, 0, -2, 0, 0, -1, 0, 0, 0, 0, 0, 0, 0, 0, 0, 0, 0, 0, -8, 0, 0, 0, 2, 0, 0, 0, 0, 6, 0, 0, 0, 0, 0, 0, 0, 4, 0, 0, 0, 0, 0, 0, 0, 0, 0, -6, 0, -1, 0, 0, 0, 0, 0, -4, 2, 0, 0, 0, 1};
weights_conv[25] = {-14, 70, -9, -34, -79, 16, 35, 12, 54, 72, -25, 6, -40, -3, 7, 30, -30, -67, 34, 53, 45, -19, 67, -26, 38, 22, 41, 25, -70, -24, 57, 41, -50, 76, -56, 50, -59, 74, 52, -1, -49, -5, 96, 18, -14, 36, -36, 2, 51, -25, -11, -59, -4, 63, 11, -25, 59, -53, -48, -66, 7, 56, 68, 47, 45, -34, -45, 26, 66, -30, -50, -43};
weights_conv[26] = {48, 40, 34, -11, 30, -26, -16, 26, 16, 67, 55, 54, 59, 63, -52, -3, 16, -29, 74, -47, -3, 11, 48, -43, -1, -44, 19, 54, -81, -12, -41, 37, 58, -36, 21, 79, -44, 70, 35, -36, 14, 41, 22, -8, -63, 53, -32, 30, 48, 55, 11, -58, -18, 53, -24, 18, 38, 17, -61, 12, -41, 64, 11, 40, 29, -33, -13, 47, -39, 60, -14, 44};
weights_conv[27] = {13, -55, 71, -49, 79, -13, 6, -37, 0, -21, 51, -40, -9, 20, 59, 35, 13, 42, -17, -20, 72, 28, -30, 27, 89, 59, 14, 43, 48, -27, 15, 35, 49, -63, 68, -16, 72, 6, 40, 12, -5, 7, -49, -54, 46, 4, 70, 71, -9, -46, 14, 50, -69, -56, 0, 19, 39, 56, 48, 69, -10, 9, -54, -26, -38, 33, -31, 20, 39, -31, -33, -2};
weights_conv[28] = {-36, -72, 23, 20, 40, 48, -4, 37, -31, -56, -11, -121, -33, 64, 74, 27, 12, 63, -62, -58, 57, -15, -55, -13, 102, 28, 8, 19, -7, -25, 28, 22, -30, -73, 70, -52, 29, -17, -31, 55, 12, 11, 10, -51, 58, -49, 31, 63, -82, -8, 34, -52, -101, 22, -32, 2, 19, -71, 53, -64, -36, -29, -22, 46, -98, 40, 11, 28, 26, -31, 22, 6};
weights_conv[29] = {49, -57, 9, -48, 30, -58, -50, -21, -50, -39, 33, -30, 96, 40, 9, 72, 22, -82, 33, 7, 72, -18, -45, 17, 50, 17, 52, -52, -70, 4, -3, 4, -24, -50, -3, 58, -44, 43, 11, -8, -9, 38, 40, -55, 0, 5, 24, -47, -10, 19, 44, -43, 28, 24, 37, 49, -15, -46, -58, -19, 87, 62, -32, 61, 13, 47, 46, -11, 26, 43, -9, 45};
weights_conv[30] = {-24, -51, -17, 10, 26, -22, 51, 16, -88, 39, -80, -3, -22, 48, 28, -22, -67, 35, -29, -74, 76, -9, -83, -37, 59, -37, -48, -22, 53, 74, 49, -78, -6, -66, -20, -36, 75, -51, -15, -41, -47, 18, 22, -41, 62, -39, -34, 26, 9, 15, -8, 61, -53, 8, 10, -66, 86, -34, 36, 55, -94, 40, 55, 10, -32, -44, -55, -13, -19, 27, -2, -18};
weights_conv[31] = {-36, -48, -24, -8, 1, -63, 24, -55, 15, -13, 33, 48, 39, -20, 66, 26, -8, 0, 32, -58, 24, 46, -45, 26, -9, 10, 35, 25, 61, -19, -65, 41, -35, -62, 1, 25, 24, -7, -1, -33, -40, 20, 20, 60, 50, 3, -36, 60, 6, -26, -36, 15, -42, 29, -55, 35, 42, 27, 37, 54, -31, 23, 46, -35, 12, 13, 5, 51, -16, 35, -4, 14};
weights_conv[32] = {-8, 34, -1, 2, -7, -24, -11, -3, 16, 8, 28, 0, 6, -35, -10, 17, -34, -20, -13, 20, 15, -1, 3, -9, 1, -1, -1, 10, -5, -1, -24, 33, -9, -17, -1, -20, -1, 0, 17, -24, 4, -6, -13, -17, 18, 1, -26, -1, -3, -20, 18, -14, 27, -2, -6, 29, -19, 19, 21, -11, -1, -25, -8, 35, 10, -26, -16, 19, -11, 2, -7, -11};
weights_conv[33] = {-1, 0, 0, -5, 0, -2, -1, -2, 0, 0, 1, -1, 0, -1, 0, -2, 1, -2, -3, 0, 0, 0, 1, -1, 1, 3, -2, 0, 0, 0, 1, 0, -2, -3, 0, 1, 0, 4, -1, 4, -2, 0, 2, 0, 0, -2, -2, 0, -4, -1, -2, 0, 0, 1, -1, 2, 0, 0, -1, -1, 2, 1, 0, 7, 0, -1, 0, 0, -1, -2, 0, -1};
weights_conv[34] = {4, 54, 51, 34, 41, 1, -22, -57, 57, 66, -5, 20, -41, -2, -29, 26, 32, -50, 4, -36, 29, 29, 50, -18, -63, 48, -12, 55, -17, 9, -7, -35, -27, 47, -20, -10, 43, 11, -16, 14, -41, -58, -64, 34, -6, -44, -51, -52, 42, 24, -47, 15, 51, 36, 14, -55, 34, 21, 15, 59, 43, -42, -16, -8, -3, 53, -37, -63, 65, 83, -67, 22};
weights_conv[35] = {-24, 18, -16, 34, -37, 55, 56, 19, 35, -15, 17, 22, -34, 20, -18, 58, 44, -73, 25, 39, 24, -4, 10, 55, -27, 10, 51, 27, -51, -11, 42, 70, 28, 28, -51, 6, 12, -43, 51, 49, -44, 42, 74, -9, 28, -38, -69, -60, -15, -1, -2, -64, 58, 60, 43, -57, -45, -9, -19, -78, 48, 27, 69, -12, -59, 20, 27, -37, -37, 38, 37, 34};
weights_conv[36] = {33, -20, 28, 14, 47, -52, -24, 67, -50, 39, -23, 45, 8, -41, 37, 3, 26, -59, 61, -8, -23, -24, 62, 13, -46, -25, -5, -13, -47, 21, -9, 20, -21, 20, 35, 46, 62, 57, -40, -49, 45, -55, 13, 48, -14, 30, -52, 46, -48, 55, -25, 36, 0, 58, 63, 8, -38, -58, -35, -39, -33, -10, 21, 65, -3, 8, -41, 13, 53, 61, -57, 38};
weights_conv[37] = {4, -34, 23, -60, 30, 23, -21, -62, -33, 4, -5, -11, 25, 17, 84, 66, 47, 9, 62, 55, 10, 133, 81, -6, 12, -17, -34, -14, 36, -28, 43, -3, 15, -42, 52, 47, 99, -33, 7, 24, 35, -47, -42, 99, -20, -65, 33, -33, 18, 54, -24, 95, 54, 59, 4, -20, 28, 55, 31, 96, -41, -36, 14, 13, 21, -33, 9, -7, -19, 31, -57, -48};
weights_conv[38] = {66, -11, -28, 14, 66, -34, 13, -13, 3, -11, -28, -14, -3, -36, 0, 13, -49, -54, 48, -14, 68, 44, -32, -47, 57, -37, -31, -5, 61, 62, 24, -4, 5, -14, 42, -41, 94, 5, -56, 21, 8, -24, 25, -58, 32, -18, -2, 9, 58, -13, -32, -7, 14, -2, -69, -39, 16, 33, 30, 31, -62, 24, 21, 5, -27, -67, -39, 89, -29, -67, -28, -57};
weights_conv[39] = {22, -34, -49, -35, -41, 30, 47, 49, 12, 12, 59, -35, 33, -39, -3, 65, 17, -7, 56, 34, -61, -73, 9, 0, -9, -9, 61, 35, -78, 20, -54, -44, -52, 34, -65, -14, 25, 28, 59, 28, -63, 46, 84, 22, 50, 59, -84, -8, 50, -34, -29, -9, 26, -53, 50, -21, 22, -29, -7, -49, -35, 61, 39, 62, -21, -19, -27, 45, 39, -41, -56, 44};
weights_conv[40] = {8, 39, -36, -21, 55, -45, 46, 46, 26, 27, -36, -11, 16, 17, 31, -39, -14, 5, 2, -18, 63, -26, 46, 44, 55, -60, -38, 55, 40, 5, -29, 62, -43, 16, -59, 55, -13, 71, 4, 23, -7, 26, -17, 62, 45, -25, -36, -34, 46, -39, -11, -19, -30, 60, 60, 52, 62, -25, -13, -65, 43, 39, 36, -19, 83, -33, -18, 26, -52, -4, 13, 16};
weights_conv[41] = {0, 0, 0, 0, 0, 0, 0, 0, 0, 0, 0, 0, 0, 0, 0, 0, 0, 0, 0, 0, 0, 0, 0, 0, 0, 0, 0, 0, 0, 0, 0, 0, 0, 0, 0, 0, 0, 0, 0, 0, 0, 0, 0, 0, 0, 0, 0, 0, 0, 0, 0, 0, 0, 0, 0, 0, 0, 0, 0, 0, 0, 0, 0, 0, 0, 0, 0, 0, 0, 0, 0, 0};
weights_conv[42] = {9, -22, 12, -43, -7, -24, -7, -53, 16, 30, 31, -11, 10, 36, 0, 5, 7, -30, -5, 28, -7, 2, -21, 16, -19, -7, -11, -16, 7, -4, 1, -29, -24, -6, 1, 0, 12, -41, -1, 33, -44, -34, -13, -13, 13, -5, -2, 2, 10, 47, -1, -14, -12, -3, 7, 0, -1, 12, 7, -30, -11, 26, 8, 45, 10, -9, -22, 12, 20, -4, 26, -12};
weights_conv[43] = {16, 35, 55, 48, -1, 52, -66, -2, -11, -21, 60, 16, -40, -33, -17, -58, 57, 54, -30, 35, 45, 44, -34, -44, -15, 47, 24, 61, -21, -48, 73, -61, 31, 39, -33, 0, 26, -29, -12, -34, -38, 62, -58, -28, 18, 31, 41, 1, 44, 75, 40, 57, 13, 62, 38, 54, -50, -27, 33, -46, -7, 53, -32, 8, -72, 66, -25, 65, 54, -47, 56, -22};
weights_conv[44] = {0, 0, 0, -1, 0, 0, 0, 0, -1, 0, 0, 0, 0, 0, 0, 0, -1, 0, 0, -1, 0, 0, 0, 2, 0, 0, 0, 0, 0, 0, 0, 0, 0, -2, 0, 0, 0, 0, 0, 0, 0, 0, 0, 0, 0, 0, -1, 0, 0, 1, 2, 0, 0, 0, 0, 0, 0, 0, 0, 0, 0, 0, 0, 0, 1, -3, -1, 0, 0, 0, 0, 0};
weights_conv[45] = {-34, 60, -70, -34, -19, -18, 59, 22, -8, 15, -5, -3, 41, 9, 44, 19, -16, -1, 31, 45, 48, -45, -35, -41, 64, 44, -7, 50, -5, 25, 20, 41, 17, -29, -24, -5, -82, -2, 31, -17, -39, -19, 23, -29, 70, 13, -56, 1, 11, -15, -26, 23, 22, 43, -11, 52, 62, -28, -10, -53, 24, 30, 55, 15, -23, 17, -50, 44, 14, 3, 18, 12};
weights_conv[46] = {-27, -17, -10, -3, -9, 43, 14, 70, 64, -58, 63, 14, 48, 33, -54, 5, 82, 31, 28, 8, -27, -20, -35, 50, -44, -34, 39, 49, -2, -40, 61, 26, 15, -3, -13, -29, 10, -4, 54, 12, 1, 17, -20, -57, -69, 63, 40, 8, 35, 69, -22, -40, -27, 55, 2, 41, 15, -48, 57, -23, 65, 33, 50, -32, 17, -15, 44, 45, 5, 8, -14, 62};
weights_conv[47] = {21, -4, -5, -59, -44, 29, 64, 48, 66, 42, -31, -27, -13, 12, 7, -21, -64, -23, 44, -56, -10, -40, -6, -10, 34, 44, 63, -19, -96, 40, -64, -13, 34, -25, 18, -5, -3, 29, 21, 32, -44, -48, 40, 24, -60, 70, -41, 41, 19, 15, -2, -70, -10, -2, 45, -69, 23, 4, 7, 8, 60, 0, -3, 45, 51, 21, 50, -33, 21, -28, -36, -10};
weights_conv[48] = {1, 20, 34, 18, -17, 39, 51, 21, -55, -35, -59, -1, -44, 3, -19, -49, -54, -21, 23, -12, -6, -7, 22, 32, -26, 4, -17, -51, 26, 4, -29, -5, 6, 13, -18, 54, 43, 13, 11, 32, -49, -31, 11, 35, -59, -46, 22, -3, -48, -37, 31, -40, -12, 2, 22, 39, 32, 43, -32, -24, -15, -23, 14, 10, 25, -76, 3, -40, 24, -27, 15, 17};
weights_conv[49] = {56, 15, -20, -36, -46, -46, 73, -19, 10, -8, 0, 23, -30, -48, 26, -48, 7, 30, -13, -12, -85, -43, 55, 22, -57, -19, -15, 46, 54, -22, -33, 20, 47, 5, -38, 0, -76, -51, -26, 52, 75, -6, -65, -11, -76, 13, 39, -44, 58, 41, -7, 38, 22, 19, 53, 64, 19, 86, 24, 33, 44, -31, 15, -66, 60, 19, -17, 14, 41, 16, 50, 64};
weights_conv[50] = {16, 50, -64, -10, 10, 15, -16, 45, -22, -22, -44, 50, 35, 76, 32, 3, 32, -37, 12, 12, 21, -53, -23, -43, 4, -12, -55, 11, 5, 36, 54, 32, 26, -22, 26, 36, -94, -23, 16, -59, 62, 47, -3, 18, 41, -46, -1, -23, 30, -43, -27, -34, 71, 43, 61, 60, -32, 44, -31, -61, -24, -26, -22, 37, -30, -41, 27, 27, 55, 27, 4, 45};
weights_conv[51] = {-53, -26, -6, 32, 9, 0, 26, 8, -20, 2, 3, 3, -31, -53, -12, 1, -1, 14, 32, -2, -25, -4, -1, -7, 12, -22, -25, -2, 21, -19, -16, 17, -7, -16, -39, -9, -41, -1, -32, -9, -48, 26, 33, -4, -17, 18, 35, 13, -27, -1, 23, 10, 7, -21, 4, 1, 30, -7, 35, -14, -3, 4, -4, 9, -17, -54, -6, -10, 1, 3, -52, -11};
weights_conv[52] = {-1, -14, 0, 0, 0, 4, -1, 1, -4, -7, 5, -1, -17, -1, 0, 4, -2, -10, -12, 8, 11, 2, 3, -7, 0, -1, -21, -1, -2, 9, -1, 10, -1, -1, 0, 4, 0, -1, 0, -8, 11, -5, -1, 5, -3, -1, -1, 8, -1, -1, -1, -6, -1, -7, 12, -1, -2, -1, 0, -1, 13, 0, -16, -3, -4, -1, 0, 0, -2, 1, -1, -3};
weights_conv[53] = {61, 11, -74, -60, 14, -17, 71, 2, 76, -20, -31, 74, -51, 5, -33, -68, -40, -70, -9, 65, -18, -36, 113, -14, -97, -37, -10, -8, -5, 7, -12, 26, 20, 86, -44, 64, -13, -19, -7, 13, 5, 5, 61, 84, -20, -45, 63, -63, -19, 57, 47, -30, 34, 36, 91, -7, -56, -3, 27, -42, -1, -18, -41, 50, 40, -9, -32, 47, -13, 79, 24, 24};
weights_conv[54] = {-6, -49, 4, 25, 77, 47, 19, 49, -27, 63, -91, -27, 44, 18, 35, -36, -49, -1, -14, -61, -19, 39, -1, 14, 37, -58, -1, -45, 39, 37, -23, -83, -37, 42, 61, 48, 27, 28, 32, -58, -71, -15, 58, -27, 72, 9, 33, 10, -46, 2, 25, 46, 32, -38, -40, -78, -21, 13, 45, 47, -10, -27, -6, -36, 24, -58, -50, 27, 52, -25, -84, -3};
weights_conv[55] = {0, 0, 0, 0, 0, 0, 0, 0, 0, 0, 0, 0, 0, 0, 0, 0, 0, 0, 0, 0, 0, 0, 0, 0, 0, 0, 0, 0, 0, 0, 0, 0, 0, 0, 0, 0, 0, 0, 0, 0, 0, 0, 0, 0, 0, 0, 0, 0, 0, 0, 0, 0, 0, 0, 0, 0, 0, 0, 0, 0, 0, 0, 0, 0, 0, 0, 0, 0, 0, 0, 0, 0};
weights_conv[56] = {62, -44, 40, -22, 78, 3, -33, -29, -41, 24, -82, 37, 31, -6, 80, -13, -56, 54, 28, -58, 61, 22, 38, -20, 16, -42, -32, -62, 80, -31, 53, -84, -33, -56, 51, -7, 84, -31, -51, -82, 30, 29, -40, 84, 70, -59, 38, 49, -65, 4, -23, -9, 11, -26, -1, 33, 46, 34, 20, 44, -17, -1, 2, -35, 54, 19, 15, 7, -31, -32, -49, -28};
weights_conv[57] = {-29, 47, 1, 31, 9, -2, -52, 46, 22, -51, 41, -17, 38, 7, 59, 46, 18, 56, -45, 42, -16, 76, -50, 66, 55, 60, 30, 62, -40, 15, 78, 25, 74, 57, 57, 3, -53, -53, -20, 74, 27, 52, -57, -30, -63, -31, 68, -34, -14, 74, 43, 37, 66, 45, -54, 45, -18, -46, -9, -39, 4, 15, 55, -59, 27, 39, 11, 8, -1, -1, 62, 25};
weights_conv[58] = {0, 0, 0, 0, 2, -5, -15, -5, -7, 1, 0, 1, 2, 0, -1, -2, 0, 1, 0, 0, 0, 0, -3, 0, -1, 0, 0, -6, 0, 0, -13, 0, 0, 1, 0, 0, 0, 0, 3, 2, 0, 13, 0, -1, 3, 0, 0, 0, 0, 0, -13, -14, 0, 0, 1, 1, -17, -13, 0, 4, 0, 0, -1, -4, -10, -4, 1, 0, 0, 0, 0, -7};
weights_conv[59] = {-5, 0, -11, 1, -11, -17, 2, -1, -5, -2, 1, 0, 0, 0, 0, -9, 3, -3, -1, 0, 0, 0, 0, 0, 0, -4, -3, -5, 0, 0, 0, -2, -1, 0, 2, 0, 0, 2, 0, 0, 0, 10, -9, 0, 0, -16, 0, 0, 0, 0, 0, 0, 0, 0, -1, 2, 0, 0, -1, -4, 0, 7, 0, 1, 0, -1, -3, 0, 0, 0, 0, 0};
weights_conv[60] = {76, -18, 57, -40, -17, -44, -20, 4, 16, 63, 54, -28, 14, 82, -14, 42, -21, -1, -25, -35, 39, -73, -18, -60, 74, 63, 40, -11, -35, 8, 47, 36, -38, 44, -14, 78, -30, 14, 4, -1, -59, -43, 13, 41, -16, 65, -48, 3, 50, -44, 1, -50, -48, -3, 8, -3, -18, -35, -20, -70, 13, 20, 76, 85, 72, -50, 67, 15, -18, 51, -62, 35};
weights_conv[61] = {-4, -6, 50, 23, 51, -28, -1, 9, 19, -8, -6, 29, 7, 31, 18, 1, -10, 5, 38, -42, 36, 41, -9, -28, 11, -9, -18, -11, 0, -7, 2, -26, -10, 28, 24, -24, 6, -17, -10, -10, -28, -19, -9, 4, 25, -39, 2, 12, 13, -11, 3, 10, -7, -24, -23, -9, 18, 10, 2, -8, -3, 19, -15, 3, -31, -27, -3, 23, -9, -29, -17, -3};
weights_conv[62] = {27, -44, -15, -50, -77, 33, 37, 19, -5, 47, 54, 49, 48, 32, -44, 17, -42, -56, -42, -42, 26, -4, 57, -71, -7, -40, 66, 7, -93, -20, 6, -30, -25, 48, -17, 60, 37, -15, -48, -3, -60, -39, 75, 48, 19, 72, -26, 10, 20, -5, -62, -36, 51, -14, 65, 11, -2, -45, -52, -53, 84, -18, 43, -9, 8, 37, 70, -47, 27, -31, 14, 10};
weights_conv[63] = {-29, 21, -71, 56, -46, -38, -42, -39, -4, 60, 54, 11, -51, 5, -29, -83, 57, 12, -28, 11, -38, 56, -32, 61, -41, -1, 51, 17, 67, -26, 48, 29, -32, 14, -3, 31, -37, -43, -37, -40, 35, 23, -84, -20, 35, 34, -19, 0, -1, 16, 9, 52, -18, 42, 51, -1, 29, -15, 20, 71, -83, 36, -74, 12, -22, -33, 18, 42, -48, 51, -7, 42};
weights_conv[64] = {21, 63, -27, -26, -24, 23, -37, 18, -28, 52, -37, 39, 38, 26, -6, 42, 23, -43, 30, 20, 38, -26, 19, 37, 12, -36, 40, -63, 48, -53, 18, -1, 19, 12, -49, 10, 54, 16, -52, -15, -31, -19, -24, 61, 39, 38, -39, -24, 58, -59, -30, -24, 8, -6, 41, 4, -53, -4, -37, -48, 10, -34, -3, 30, 40, -36, -36, -58, 9, -21, -71, -7};
weights_conv[65] = {-45, 1, 14, -25, -61, 27, 56, -1, 50, 54, -17, -31, -41, 73, 29, 48, -55, -25, 18, 31, -9, -1, -3, 11, 4, 24, -2, -33, 56, 2, 4, 9, -39, 58, 35, 1, 15, 50, -8, -61, -13, -45, 42, -56, 57, 48, -24, 17, -36, -62, -35, 25, -12, 13, 48, 13, 54, -46, 31, -9, -6, 35, -27, -9, 21, -58, 37, 29, 53, -21, 2, -24};
weights_conv[66] = {10, 8, 33, 22, -56, -9, -40, -23, -13, -25, 40, -74, 4, 21, 18, -48, 0, 47, -57, -14, 8, -13, -51, 14, 17, -40, 23, -4, 29, -18, 3, -21, -25, -54, 8, -80, 22, -35, -39, 8, 34, -10, -25, -41, 15, 22, 38, 26, -21, 57, 54, -25, -42, -43, -62, 14, -25, -40, 49, 23, -71, -43, 0, -60, 0, 2, 23, 7, -26, -8, 57, 4};
weights_conv[67] = {0, 2, 1, -1, 0, 0, 0, 5, 0, 0, -1, 0, -1, 0, 0, 0, 0, -1, 0, 0, 0, 0, 0, -3, 0, -1, 0, 0, 1, 5, 0, 0, -1, -1, 0, -2, 0, -1, 8, 8, 0, -3, 0, -1, 0, 0, 0, 0, 0, -1, 0, -1, 0, 0, 0, -1, -4, -4, 0, -3, 0, 0, 0, -1, -1, -8, 0, 0, 0, 0, 0, 0};
weights_conv[68] = {41, -19, 36, 14, 44, 28, 24, 45, 11, 3, -10, -18, 52, 15, 33, 23, -6, -28, -46, -9, -11, 46, -14, -55, -26, -1, -13, -18, 44, 30, -6, -8, 28, -3, -39, -8, 24, -52, -14, -19, 21, -12, 59, -13, 43, 37, -21, 42, -11, -47, -23, 20, 15, -55, -14, 5, 27, -47, -33, 47, -23, -16, -7, -31, -1, -17, -37, -25, 5, -6, -58, -7};
weights_conv[69] = {-23, 2, -38, 14, -13, -19, -53, 42, 23, 0, 75, -47, 84, 77, 56, -36, -3, 47, -17, -3, 46, 31, -19, 74, 11, 70, 57, -4, 7, 46, 33, 18, -13, 29, -34, -13, -60, -53, -21, -40, 5, 64, 4, -36, -30, 1, -44, 29, 11, 56, 11, 17, 44, 22, -33, 62, 28, -37, 4, -43, 65, 63, 13, -3, -25, -29, 13, 42, 56, 26, 7, -21};
weights_conv[70] = {32, 38, -22, -30, 36, 1, 52, 16, 38, -31, -45, 50, -3, -65, 29, -52, 33, 85, -50, 4, 12, 56, 16, 49, 38, -9, -58, 24, 61, -27, -22, 9, 14, -1, -44, -50, -47, -19, 47, 2, 28, -62, -9, 11, 5, -55, 32, -71, 51, 17, -13, 20, 32, -24, 49, -61, -32, 41, -30, 90, 12, 12, 16, -80, 22, -3, 15, 34, 23, 25, 7, 44};
weights_conv[71] = {-22, -9, -40, 30, -18, 53, 35, -10, -14, -2, 44, -54, -37, -16, -1, -11, 36, 71, 43, 39, 10, 66, -43, 33, 9, 77, -45, 6, 38, 33, 30, -24, 69, -26, 36, -26, -53, 5, 45, 64, 23, 53, 1, -51, -9, -46, 8, 43, -2, -9, -38, 55, 47, 67, -38, 7, -64, 61, 43, -1, -48, -44, -9, -65, -5, 54, -26, 71, -12, 39, 77, -15};

Bias (8 bit):
 {242, 516, 442, 949, -3, -181, -548, 315, 33, -291, 1075, 628, 8, 4, -521, 1102, 0, 282, -100, -7, 101, 658, -106, -132, 257, -880, -70, 0, 577, -37, 0, -428, -533, -432, -86, -525, -113, -291, -1, -310, -33, -106, -733, 304, 30, -575, 922, 0, 0, -702, 369, 921, -495, 110, 133, 107, -276, 620, 329, 12, 354, -763, 20, -261, 699, 530, 641, 100, -3, -482, 113, -77};
