Input scale (32 bit):
 34394820
Input zero point:
 128
Weight scale (32 bit):
 53266672
Weight zero point:
 137
Output scale (32 bit):
 463492416
Output zero point:
 114
M scale (32 bit):
 3952810
Weight (8 bit):
weights_conv[0] = {-5, -13, -9, 4, 15, 15, -7, 51, -1, 5, 0, -11, -61, -23, -24, 15, -21, -72, 14, 4, 41, -106, 15, 1, -8, 0, 16, 60, 61, 31, -13, -6, -60, 49, 5, 7, 25, 10, -32, -16, 18, -9, 11, 46, 56, -4, 14, -1, -38, 45, -3, 19, 19, 15, -11, 5, -7, -57, 34, -52, 12, -33, -15, 15, 8, 11, 12, 26, 41, 75, 79, -24};
weights_conv[1] = {9, -6, -21, -7, 21, 3, -7, -53, -6, 47, 1, 6, 86, 20, 6, 27, -14, 28, 3, 6, -17, -21, -24, -6, -2, -24, 6, 39, 0, 57, -4, 21, -51, 40, -5, 7, 41, 19, -24, -1, -28, 66, 2, -21, -62, -70, 11, -20, -23, 0, 13, -64, 16, -14, -3, 52, -10, -40, -58, -33, 72, -27, -6, 31, -5, 10, 5, 17, -19, 63, -8, -33};
weights_conv[2] = {8, -13, 6, 18, -42, 10, 78, 35, -1, -53, 3, -9, -10, -4, 0, 25, -14, 55, -35, 13, -8, 48, 42, -6, -6, 3, 18, -69, -40, -1, -17, -5, 0, 23, 3, -77, -2, 3, 3, -8, -16, 6, 14, 15, 10, -1, 5, -28, -10, -10, 95, -4, -4, -49, -12, 36, -17, 54, 52, 89, 62, 45, -51, 24, 7, 11, 11, -4, 56, -28, -34, -5};
weights_conv[3] = {-4, -5, 6, 1, 8, 2, -38, -12, 10, 8, 4, 12, 8, 21, -11, 63, -11, 14, 10, 7, -41, 1, 7, 10, -21, 1, 7, 63, -51, 26, -10, 26, 32, 26, 8, 62, -68, -45, 9, 2, -7, 102, 6, -25, 39, 39, 1, 71, 6, -3, -40, 2, -4, 7, -3, -2, 0, -51, 21, -70, -6, -2, 40, -57, -26, 3, 9, 5, -62, 0, -37, 42};
weights_conv[4] = {10, -14, -22, 4, -6, 14, -15, 44, 7, -62, 6, 7, 22, 24, 58, 19, 18, -51, -10, -6, 47, 29, 5, -6, -48, -5, 9, 3, 77, 10, -12, -9, 2, 28, -7, -73, 55, 7, -27, -14, -19, -50, 3, -52, -32, -50, -1, 10, -10, 14, -31, 21, 12, 14, -4, -30, -9, 114, 60, -62, -27, 21, 1, 6, 0, 8, 5, 3, 4, 14, 50, -62};
weights_conv[5] = {1, 2, -35, 19, -13, 0, -12, -54, 6, -32, -2, 0, 8, 19, -13, -131, -25, -67, -10, 20, -16, -1, -53, -18, 25, -3, 5, -28, -22, -43, -2, 34, -4, 38, -6, 29, 37, 43, -12, -4, -5, -35, 8, 3, 19, -68, 11, -24, -8, -7, -54, 9, 26, 0, -4, 18, -8, 62, -40, -52, -45, 89, -7, 53, -17, 2, 3, 1, 42, 0, -51, 118};
weights_conv[6] = {-4, -4, -10, -35, 10, 8, 84, 11, -1, 16, 1, -7, 40, 6, -43, -30, -34, -13, 30, 6, -48, 48, 7, -24, -5, -10, 5, -59, -65, -36, -6, -3, 72, 11, 3, 53, -8, -53, 13, -12, 2, -87, 2, -4, -1, 49, 17, 7, -14, -19, -22, 14, 6, -14, -3, 28, -1, 18, 5, 107, 4, -19, 14, -112, -8, 4, 3, -21, -44, 43, 33, 54};
weights_conv[7] = {2, -2, -8, 29, 11, 9, 41, 28, -11, 40, -1, 7, 25, 8, 32, 30, -17, 67, -39, -1, 53, 60, 13, 1, 8, -19, 12, -37, 54, -36, -9, -15, 53, 2, 1, -23, -11, -16, 49, -6, 35, -15, 1, 4, -35, 23, 14, 20, -22, -12, 1, -1, 9, -1, -8, -5, -9, 59, 67, 98, -15, -56, 18, -13, -5, 10, 9, 18, 22, 1, 52, 27};
weights_conv[8] = {-2, -7, -17, -78, -89, 7, -71, 36, -38, 4, 0, -16, -5, 21, -58, -12, 40, 71, -43, -11, 32, -8, 30, 15, 24, -5, 6, 19, 53, -39, -15, 2, -60, -2, 19, -39, -95, -45, 103, -8, 3, 55, 7, 45, -5, -10, 7, -42, 18, -6, -15, 21, 25, 1, -15, -20, -6, -30, -40, 32, -68, 38, 12, -12, -16, 10, 6, -16, 28, -43, -18, -52};
weights_conv[9] = {2, -1, 16, -9, 37, 7, 9, -72, 6, 11, -1, -2, -136, 17, 1, 27, 19, 67, 63, 12, -31, -57, -40, 2, 10, 13, 5, -55, -9, -43, 1, -30, -50, 35, 2, 22, -25, 53, -27, -3, -14, 59, 4, 8, 16, 22, 12, -10, 3, 6, -46, 8, -8, 14, 5, 5, -3, 7, -55, -14, 89, -53, 19, 37, -16, 2, 5, 12, -50, -77, -19, 14};
weights_conv[10] = {-4, 34, 33, 27, 15, -34, -20, 8, 10, -2, 0, 9, 16, -36, 25, -30, 29, -39, 0, -28, -12, 5, 7, 8, 20, 22, -28, 31, -29, 14, 33, -16, 0, -121, -5, 36, 11, 15, -3, 34, 9, -38, -29, -8, -7, 18, -37, 7, 41, -6, 54, -16, -36, 11, 32, -51, 30, -54, -19, 8, -48, -15, -7, 3, 37, -34, -31, -36, -18, -11, -25, -47};

Bias (8 bit):
 {3444, 478, -1764, -1286, -589, 142, -487, -851, -899, -1070, -927};
