Input scale (32 bit):
 34394820
Input zero point:
 128
Weight scale (32 bit):
 47219808
Weight zero point:
 177
Output scale (32 bit):
 384357472
Output zero point:
 168
M scale (32 bit):
 4225537
Weight (8 bit):
weights_conv[0] = {-64, -13, -25, 3, 18, 15, -13, -21, -9, 32, -80, 52, -4, -14, -25, 36, -16, -11, 16, -9, 66, 18, -25, 78, -58, -119, 12, -15, 8, -2, -11, 11, 20, 30, -176, -24, -15, 3, -38, -18, 14, 3, 12, 3, -9, -6, -16, -7, 4, 53, 7, 59, 22, -96, -15, 8, -18, -10, -27, -8, 0, 59, 17, -4, -5, 9, 12, -23, -3, -13, 4, -3};

Bias (8 bit):
 {-2872};
