Input scale (32 bit):
 244891504
Input zero point:
 133
Weight scale (32 bit):
 24546434
Weight zero point:
 134
Output scale (32 bit):
 399811456
Output zero point:
 121
M scale (32 bit):
 15035120
Weight (8 bit):
weights_conv[0] = {0, 0, 0, 0, 0, 0, 0, 0, 0, 0, 0, 0, 0, 0, 0, 0, 0, 0, 0, 0, 0, 0, 0, 0, 0, 0, 0, 0, 0, 0, 0, 0, 0, 0, 0, 0, 0, 0, 0, 0, 0, 0, 0, 0, 0, 0, 0, 0, 0, 0, 0, 0, 0, 0, 0, 0, 0, 0, 0, 0, 0, 0, 0, 0, 0, 0, 0, 0, 0, 0, 0, 0};
weights_conv[1] = {0, 0, 0, 0, 0, 0, 0, 0, 0, 0, 0, 0, 0, 0, 0, 0, 0, 0, 0, 0, 0, 0, 0, 0, 0, 0, 0, 0, 0, 0, 0, 0, 0, 0, 0, 0, 0, 0, 0, 0, 0, 0, 0, 0, 0, 0, 0, 0, 0, 0, 0, 0, 0, 0, 0, 0, 0, 0, 0, 0, 0, 0, 0, 0, 0, 0, 0, 0, 0, 0, 0, 0};
weights_conv[2] = {20, 3, -10, -16, 0, -52, 13, 90, 65, 30, 18, 0, 49, 0, 0, 0, -10, -77, -27, -63, -54, 7, 114, 1, -40, -68, 46, 0, 45, -54, 5, -69, 0, 37, 0, 19, -33, 51, 46, -14, -6, -88, -22, -8, 36, -70, -25, 0, -42, 2, 11, 66, -43, -12, 1, -24, 14, 0, 24, 0, 100, -4, 14, -73, 20, 53, 28, -21, -44, -51, -4, -18};
weights_conv[3] = {0, 0, 0, 0, 0, 0, 0, 0, 0, 0, 0, 0, 0, 0, 0, 0, 0, 0, 0, 0, 0, 0, 0, 0, 0, 0, 0, 0, 0, 0, 0, 0, 0, 0, 0, 0, 0, 0, 0, 0, 0, 0, 0, 0, 0, 0, 0, 0, 0, 0, 0, 0, 0, 0, 0, 0, 0, 0, 0, 0, 0, 0, 0, 0, 0, 0, 0, 0, 0, 0, 0, 0};
weights_conv[4] = {0, 0, 0, 0, 0, 0, 0, 0, 0, 0, 0, 0, 0, 0, 0, 0, 0, 0, 0, 0, 0, 0, 0, 0, 0, 0, 0, 0, 0, 0, 0, 0, 0, 0, 0, 0, 0, 0, 0, 0, 0, 0, 0, 0, 0, 0, 0, 0, 0, 0, 0, 0, 0, 0, 0, 0, 0, 0, 0, 0, 0, 0, 0, 0, 0, 0, 0, 0, 0, 0, 0, 0};
weights_conv[5] = {19, 7, -7, -17, 0, -27, 30, -9, 7, 44, 10, 0, 4, 0, 0, 0, -8, -20, -10, -11, -36, 23, 3, 11, -47, -110, 9, 0, -9, 0, 5, -34, 0, 4, 0, 25, 34, 14, 13, -5, 1, -23, 22, 13, 53, -28, -1, 0, -6, 19, 13, 14, -9, -3, -22, -13, 1, 0, -1, 0, 13, 6, 15, -78, -2, -22, 18, 0, -11, 0, 2, -26};
weights_conv[6] = {15, -23, 67, 1, 0, 43, -6, -17, -50, -81, 44, 0, 46, 0, 0, 0, -15, 4, 5, -23, 49, -5, -58, -18, 3, 57, -78, 0, 8, 3, 39, -2, 0, -59, 0, -30, -33, -102, -54, 20, -30, 48, -36, 22, -22, 96, 10, 0, 4, 31, 7, 53, 38, -20, 6, 47, 18, 0, 8, 0, -28, 3, 17, 44, -45, -8, 35, -22, -37, -52, -19, 5};
weights_conv[7] = {0, 0, 0, 0, 0, 0, 0, 0, 0, 0, 0, 0, 0, 0, 0, 0, 0, 0, 0, 0, 0, 0, 0, 0, 0, 0, 0, 0, 0, 0, 0, 0, 0, 0, 0, 0, 0, 0, 0, 0, 0, 0, 0, 0, 0, 0, 0, 0, 0, 0, 0, 0, 0, 0, 0, 0, 0, 0, 0, 0, 0, 0, 0, 0, 0, 0, 0, 0, 0, 0, 0, 0};
weights_conv[8] = {0, 0, 0, 0, 0, 0, 0, 0, 0, 0, 0, 0, 0, 0, 0, 0, 0, 0, 0, 0, 0, 0, 0, 0, 0, 0, 0, 0, 0, 0, 0, 0, 0, 0, 0, 0, 0, 0, 0, 0, 0, 0, 0, 0, 0, 0, 0, 0, 0, 0, 0, 0, 0, 0, 0, 0, 0, 0, 0, 0, 0, 0, 0, 0, 0, 0, 0, 0, 0, 0, 0, 0};
weights_conv[9] = {0, 0, 0, 0, 0, 0, 0, 0, 0, 0, 0, 0, 0, 0, 0, 0, 0, 0, 0, 0, 0, 0, 0, 0, 0, 0, 0, 0, 0, 0, 0, 0, 0, 0, 0, 0, 0, 0, 0, 0, 0, 0, 0, 0, 0, 0, 0, 0, 0, 0, 0, 0, 0, 0, 0, 0, 0, 0, 0, 0, 0, 0, 0, 0, 0, 0, 0, 0, 0, 0, 0, 0};
weights_conv[10] = {0, 0, 0, 0, 0, 0, 0, 0, 0, 0, 0, 0, 0, 0, 0, 0, 0, 0, 0, 0, 0, 0, 0, 0, 0, 0, 0, 0, 0, 0, 0, 0, 0, 0, 0, 0, 0, 0, 0, 0, 0, 0, 0, 0, 0, 0, 0, 0, 0, 0, 0, 0, 0, 0, 0, 0, 0, 0, 0, 0, 0, 0, 0, 0, 0, 0, 0, 0, 0, 0, 0, 0};
weights_conv[11] = {39, -28, 28, -62, 0, 62, -32, -54, 1, -68, 36, 0, -52, 0, 0, 0, -70, -65, -76, 60, 73, -28, -66, -53, -21, 57, -4, 0, -10, 25, 18, 35, 0, 49, 0, 19, -41, -9, -47, -89, 26, 66, -1, 11, -56, 46, 51, 0, -47, -43, 24, 10, -26, 47, 39, -11, -13, 0, 2, 0, -46, 6, -3, 52, -23, -6, 47, -22, 8, 20, 8, -11};
weights_conv[12] = {-8, 21, 5, -5, 0, 33, -14, -17, 5, -10, -58, 0, 18, 0, 0, 0, 25, 21, 22, -69, 34, 29, -2, 16, 107, 14, 0, 0, 39, 32, -93, 21, 0, 10, 0, 27, 3, 5, 39, 38, 39, -52, 69, -46, 54, -5, -26, 0, 5, -55, -17, 20, -28, -60, 6, -14, 61, 0, 3, 0, -35, -35, 82, 9, 5, 7, -41, -37, -50, 23, -13, -15};
weights_conv[13] = {6, 31, -25, 26, 0, 32, 5, -71, -41, 26, -5, 0, -8, 0, 0, 0, 8, -18, -26, 1, 6, -39, -15, -2, 31, 23, 17, 0, -27, 38, -66, -30, 0, -55, 0, -21, 20, -2, -7, 7, 57, 21, -26, 30, 18, -31, -24, 0, -12, 3, 25, 10, -12, 7, 28, 10, 13, 0, 5, 0, -33, -38, 8, -31, -41, -35, 26, 15, 7, -40, -8, 17};
weights_conv[14] = {0, 0, 0, 0, 0, 0, 0, 0, 0, 0, 0, 0, 0, 0, 0, 0, 0, 0, 0, 0, 0, 0, 0, 0, 0, 0, 0, 0, 0, 0, 0, 0, 0, 0, 0, 0, 0, 0, 0, 0, 0, 0, 0, 0, 0, 0, 0, 0, 0, 0, 0, 0, 0, 0, 0, 0, 0, 0, 0, 0, 0, 0, 0, 0, 0, 0, 0, 0, 0, 0, 0, 0};
weights_conv[15] = {-98, -58, -32, 53, 0, -48, -29, -12, 7, -36, -4, 0, 13, 0, 0, 0, 24, -61, 4, 28, 7, 18, -56, 85, 4, 25, -109, 0, 12, -8, 46, -87, 0, 53, 0, -23, -34, -58, 24, 38, -24, -7, 61, 11, 0, 49, -3, 0, 12, 28, -36, 74, 53, -16, 26, 34, 7, 0, 26, 0, -55, -38, 16, 3, 4, 4, -6, -3, 77, 26, 88, 65};
weights_conv[16] = {-107, 0, -30, 9, 0, 14, -48, 24, 41, -39, 23, 0, 47, 0, 0, 0, 30, -19, 10, -40, -10, 33, 27, -5, 17, 44, -74, 0, 35, -9, 11, -32, 0, -6, 0, -53, -44, -64, 26, -8, 24, 50, 39, -17, 23, 45, -73, 0, 4, 33, -89, 47, 20, -23, -46, 6, 16, 0, -33, 0, -36, 3, 55, 88, 19, -43, -36, -27, -6, 0, -36, 49};
weights_conv[17] = {25, 25, -21, 27, 0, 43, 18, -63, -52, 38, -11, 0, 5, 0, 0, 0, 20, -49, -28, -8, -15, -107, 8, -30, 28, 54, -20, 0, -35, 70, -31, 34, 0, -19, 0, -12, 49, -17, -42, 9, 49, 50, -4, 56, 45, 47, -37, 0, -57, 19, 20, -66, 24, -29, 8, -27, 5, 0, -1, 0, 28, 22, 14, 72, -46, -105, 2, -12, -79, -45, -75, -31};
weights_conv[18] = {-22, -26, 48, 13, 0, -43, 46, 14, -47, -4, -76, 0, 21, 0, 0, 0, -14, 80, 100, -40, 52, 28, -1, 33, 18, 43, -14, 0, -34, 38, -5, 54, 0, -64, 0, -11, -15, 70, 7, 23, -43, -24, -10, 5, 22, 32, -6, 0, -37, -12, -2, 22, -59, -41, -19, -43, 11, 0, 4, 0, 48, -16, 45, 21, -53, 23, -48, 26, -27, -47, 66, -64};
weights_conv[19] = {0, 0, 0, 0, 0, 0, 0, 0, 0, 0, 0, 0, 0, 0, 0, 0, 0, 0, 0, 0, 0, 0, 0, 0, 0, 0, 0, 0, 0, 0, 0, 0, 0, 0, 0, 0, 0, 0, 0, 0, 0, 0, 0, 0, 0, 0, 0, 0, 0, 0, 0, 0, 0, 0, 0, 0, 0, 0, 0, 0, 0, 0, 0, 0, 0, 0, 0, 0, 0, 0, 0, 0};
weights_conv[20] = {5, 4, -26, 51, 0, 16, -7, -42, -17, 33, -18, 0, -38, 0, 0, 0, 4, -6, -41, -6, -36, -30, 3, -46, 48, -23, 8, 0, -57, 6, -63, 34, 0, 8, 0, 12, 39, -37, 20, 2, 22, 9, -14, 38, 33, -53, 32, 0, -16, 21, 16, 13, -36, 34, 43, 39, 14, 0, 2, 0, -25, -58, -1, -22, -28, -51, 29, 29, 44, -1, 2, 48};
weights_conv[21] = {0, 0, 0, 0, 0, 0, 0, 0, 0, 0, 0, 0, 0, 0, 0, 0, 0, 0, 0, 0, 0, 0, 0, 0, 0, 0, 0, 0, 0, 0, 0, 0, 0, 0, 0, 0, 0, 0, 0, 0, 0, 0, 0, 0, 0, 0, 0, 0, 0, 0, 0, 0, 0, 0, 0, 0, 0, 0, 0, 0, 0, 0, 0, 0, 0, 0, 0, 0, 0, 0, 0, 0};
weights_conv[22] = {0, 0, 0, 0, 0, 0, 0, 0, 0, 0, 0, 0, 0, 0, 0, 0, 0, 0, 0, 0, 0, 0, 0, 0, 0, 0, 0, 0, 0, 0, 0, 0, 0, 0, 0, 0, 0, 0, 0, 0, 0, 0, 0, 0, 0, 0, 0, 0, 0, 0, 0, 0, 0, 0, 0, 0, 0, 0, 0, 0, 0, 0, 0, 0, 0, 0, 0, 0, 0, 0, 0, 0};
weights_conv[23] = {0, 0, 0, 0, 0, 0, 0, 0, 0, 0, 0, 0, 0, 0, 0, 0, 0, 0, 0, 0, 0, 0, 0, 0, 0, 0, 0, 0, 0, 0, 0, 0, 0, 0, 0, 0, 0, 0, 0, 0, 0, 0, 0, 0, 0, 0, 0, 0, 0, 0, 0, 0, 0, 0, 0, 0, 0, 0, 0, 0, 0, 0, 0, 0, 0, 0, 0, 0, 0, 0, 0, 0};
weights_conv[24] = {0, 0, 0, 0, 0, 0, 0, 0, 0, 0, 0, 0, 0, 0, 0, 0, 0, 0, 0, 0, 0, 0, 0, 0, 0, 0, 0, 0, 0, 0, 0, 0, 0, 0, 0, 0, 0, 0, 0, 0, 0, 0, 0, 0, 0, 0, 0, 0, 0, 0, 0, 0, 0, 0, 0, 0, 0, 0, 0, 0, 0, 0, 0, 0, 0, 0, 0, 0, 0, 0, 0, 0};
weights_conv[25] = {-14, 27, -34, -41, 0, 34, -22, 17, 38, 29, 3, 0, 6, 0, 0, 0, -67, 2, -5, 18, 52, 37, -5, 19, 35, 11, 72, 0, 10, 6, -15, 62, 0, 63, 0, 37, -50, 65, 39, 33, 9, 8, 45, -52, 16, -60, -30, 0, -31, -24, -67, -63, -46, 67, -44, -88, 2, 0, -42, 0, -55, 55, -2, 17, 21, -82, -87, 54, -21, 47, -19, 53};
weights_conv[26] = {78, -47, 66, -13, 0, -11, -77, 42, 16, -19, -20, 0, 59, 0, 0, 0, 48, 41, 46, -20, 20, 16, -11, -31, 28, -20, 48, 0, 11, -64, 44, 49, 0, -1, 0, 94, -62, 57, 27, 22, -12, 11, 34, -40, 16, 52, -18, 0, 63, 56, -26, -52, -54, 61, -14, 50, 46, 0, -102, 0, -43, 76, 13, 36, 32, -45, -34, 64, -68, 61, -44, 117};
weights_conv[27] = {0, 0, 0, 0, 0, 0, 0, 0, 0, 0, 0, 0, 0, 0, 0, 0, 0, 0, 0, 0, 0, 0, 0, 0, 0, 0, 0, 0, 0, 0, 0, 0, 0, 0, 0, 0, 0, 0, 0, 0, 0, 0, 0, 0, 0, 0, 0, 0, 0, 0, 0, 0, 0, 0, 0, 0, 0, 0, 0, 0, 0, 0, 0, 0, 0, 0, 0, 0, 0, 0, 0, 0};
weights_conv[28] = {34, -3, 8, 11, 0, 38, 55, -40, -44, 18, -14, 0, -57, 0, 0, 0, 25, 46, -2, -32, 34, -20, -11, -40, 56, 11, 49, 0, -52, 15, -12, 31, 0, -55, 0, 60, 3, 67, -33, -29, 22, 6, -14, 58, 64, -16, 34, 0, -31, -29, 57, -44, -31, -10, 54, -10, 28, 0, -15, 0, -18, -24, -10, 28, -42, 62, 9, -1, 13, -1, -27, 39};
weights_conv[29] = {37, -87, 38, -51, 0, -67, -80, 4, -7, -55, 16, 0, 25, 0, 0, 0, -65, 11, -8, -3, -14, 5, -34, -13, 35, 40, 39, 0, -2, -56, 60, 28, 0, -38, 0, 60, -16, -22, 4, 16, -77, 35, -14, -35, -66, 16, 12, 0, 41, 44, -15, 7, 2, 6, 4, 54, -56, 0, -14, 0, 5, 69, 4, 6, -25, 13, 13, 3, -29, 7, -3, 62};
weights_conv[30] = {0, 0, 0, 0, 0, 0, 0, 0, 0, 0, 0, 0, 0, 0, 0, 0, 0, 0, 0, 0, 0, 0, 0, 0, 0, 0, 0, 0, 0, 0, 0, 0, 0, 0, 0, 0, 0, 0, 0, 0, 0, 0, 0, 0, 0, 0, 0, 0, 0, 0, 0, 0, 0, 0, 0, 0, 0, 0, 0, 0, 0, 0, 0, 0, 0, 0, 0, 0, 0, 0, 0, 0};
weights_conv[31] = {0, 0, 0, 0, 0, 0, 0, 0, 0, 0, 0, 0, 0, 0, 0, 0, 0, 0, 0, 0, 0, 0, 0, 0, 0, 0, 0, 0, 0, 0, 0, 0, 0, 0, 0, 0, 0, 0, 0, 0, 0, 0, 0, 0, 0, 0, 0, 0, 0, 0, 0, 0, 0, 0, 0, 0, 0, 0, 0, 0, 0, 0, 0, 0, 0, 0, 0, 0, 0, 0, 0, 0};
weights_conv[32] = {0, 0, 0, 0, 0, 0, 0, 0, 0, 0, 0, 0, 0, 0, 0, 0, 0, 0, 0, 0, 0, 0, 0, 0, 0, 0, 0, 0, 0, 0, 0, 0, 0, 0, 0, 0, 0, 0, 0, 0, 0, 0, 0, 0, 0, 0, 0, 0, 0, 0, 0, 0, 0, 0, 0, 0, 0, 0, 0, 0, 0, 0, 0, 0, 0, 0, 0, 0, 0, 0, 0, 0};
weights_conv[33] = {0, 0, 0, 0, 0, 0, 0, 0, 0, 0, 0, 0, 0, 0, 0, 0, 0, 0, 0, 0, 0, 0, 0, 0, 0, 0, 0, 0, 0, 0, 0, 0, 0, 0, 0, 0, 0, 0, 0, 0, 0, 0, 0, 0, 0, 0, 0, 0, 0, 0, 0, 0, 0, 0, 0, 0, 0, 0, 0, 0, 0, 0, 0, 0, 0, 0, 0, 0, 0, 0, 0, 0};
weights_conv[34] = {0, 0, 0, 0, 0, 0, 0, 0, 0, 0, 0, 0, 0, 0, 0, 0, 0, 0, 0, 0, 0, 0, 0, 0, 0, 0, 0, 0, 0, 0, 0, 0, 0, 0, 0, 0, 0, 0, 0, 0, 0, 0, 0, 0, 0, 0, 0, 0, 0, 0, 0, 0, 0, 0, 0, 0, 0, 0, 0, 0, 0, 0, 0, 0, 0, 0, 0, 0, 0, 0, 0, 0};
weights_conv[35] = {22, 34, 6, 16, 0, -38, 34, 12, 25, 53, 22, 0, 30, 0, 0, 0, -23, -36, -30, -8, -23, 6, 54, 5, -51, -127, 38, 0, -13, -1, 33, -9, 0, 35, 0, 26, 17, 31, 31, -26, 5, -78, 26, 10, 50, -94, -15, 0, -30, 38, 27, 66, -31, 1, -24, -33, 11, 0, 6, 0, 41, 14, 44, -134, -22, -23, 38, 9, -23, -16, 19, -33};
weights_conv[36] = {0, 0, 0, 0, 0, 0, 0, 0, 0, 0, 0, 0, 0, 0, 0, 0, 0, 0, 0, 0, 0, 0, 0, 0, 0, 0, 0, 0, 0, 0, 0, 0, 0, 0, 0, 0, 0, 0, 0, 0, 0, 0, 0, 0, 0, 0, 0, 0, 0, 0, 0, 0, 0, 0, 0, 0, 0, 0, 0, 0, 0, 0, 0, 0, 0, 0, 0, 0, 0, 0, 0, 0};
weights_conv[37] = {0, 0, 0, 0, 0, 0, 0, 0, 0, 0, 0, 0, 0, 0, 0, 0, 0, 0, 0, 0, 0, 0, 0, 0, 0, 0, 0, 0, 0, 0, 0, 0, 0, 0, 0, 0, 0, 0, 0, 0, 0, 0, 0, 0, 0, 0, 0, 0, 0, 0, 0, 0, 0, 0, 0, 0, 0, 0, 0, 0, 0, 0, 0, 0, 0, 0, 0, 0, 0, 0, 0, 0};
weights_conv[38] = {0, 0, 0, 0, 0, 0, 0, 0, 0, 0, 0, 0, 0, 0, 0, 0, 0, 0, 0, 0, 0, 0, 0, 0, 0, 0, 0, 0, 0, 0, 0, 0, 0, 0, 0, 0, 0, 0, 0, 0, 0, 0, 0, 0, 0, 0, 0, 0, 0, 0, 0, 0, 0, 0, 0, 0, 0, 0, 0, 0, 0, 0, 0, 0, 0, 0, 0, 0, 0, 0, 0, 0};
weights_conv[39] = {0, 0, 0, 0, 0, 0, 0, 0, 0, 0, 0, 0, 0, 0, 0, 0, 0, 0, 0, 0, 0, 0, 0, 0, 0, 0, 0, 0, 0, 0, 0, 0, 0, 0, 0, 0, 0, 0, 0, 0, 0, 0, 0, 0, 0, 0, 0, 0, 0, 0, 0, 0, 0, 0, 0, 0, 0, 0, 0, 0, 0, 0, 0, 0, 0, 0, 0, 0, 0, 0, 0, 0};
weights_conv[40] = {-22, 20, 36, -81, 0, -12, 22, -20, 13, -35, -100, 0, 23, 0, 0, 0, -39, -11, 6, -40, -14, 21, 4, 8, 54, -50, -6, 0, 16, -2, -4, 55, 0, 39, 0, 29, 31, 35, 22, 5, -12, 64, 20, 27, 34, 63, 48, 0, 2, -47, -23, -12, -63, 28, -7, 23, 19, 0, -48, 0, 39, -39, 52, 28, 23, 1, -60, -46, -29, 4, -39, -48};
weights_conv[41] = {0, 0, 0, 0, 0, 0, 0, 0, 0, 0, 0, 0, 0, 0, 0, 0, 0, 0, 0, 0, 0, 0, 0, 0, 0, 0, 0, 0, 0, 0, 0, 0, 0, 0, 0, 0, 0, 0, 0, 0, 0, 0, 0, 0, 0, 0, 0, 0, 0, 0, 0, 0, 0, 0, 0, 0, 0, 0, 0, 0, 0, 0, 0, 0, 0, 0, 0, 0, 0, 0, 0, 0};
weights_conv[42] = {0, 0, 0, 0, 0, 0, 0, 0, 0, 0, 0, 0, 0, 0, 0, 0, 0, 0, 0, 0, 0, 0, 0, 0, 0, 0, 0, 0, 0, 0, 0, 0, 0, 0, 0, 0, 0, 0, 0, 0, 0, 0, 0, 0, 0, 0, 0, 0, 0, 0, 0, 0, 0, 0, 0, 0, 0, 0, 0, 0, 0, 0, 0, 0, 0, 0, 0, 0, 0, 0, 0, 0};
weights_conv[43] = {-42, 21, -95, 33, 0, 2, -23, 9, 6, 21, 119, 0, -41, 0, 0, 0, -28, -12, -64, 67, 33, 6, 37, -21, -48, 39, 38, 0, -16, -14, 28, -59, 0, 20, 0, -13, 16, -32, -10, -18, -21, 30, -24, -58, -52, -50, 29, 0, 16, 38, -7, 35, 81, 17, -28, -2, -51, 0, 84, 0, -2, 48, -75, -1, 2, 3, -26, 29, 79, -24, 45, 6};
weights_conv[44] = {0, 0, 0, 0, 0, 0, 0, 0, 0, 0, 0, 0, 0, 0, 0, 0, 0, 0, 0, 0, 0, 0, 0, 0, 0, 0, 0, 0, 0, 0, 0, 0, 0, 0, 0, 0, 0, 0, 0, 0, 0, 0, 0, 0, 0, 0, 0, 0, 0, 0, 0, 0, 0, 0, 0, 0, 0, 0, 0, 0, 0, 0, 0, 0, 0, 0, 0, 0, 0, 0, 0, 0};
weights_conv[45] = {-2, -46, -2, 39, 0, -39, 4, 37, -5, 33, -52, 0, 49, 0, 0, 0, 52, 58, 65, -50, 25, -2, -26, -9, 25, 23, 12, 0, -15, 18, 16, 44, 0, -60, 0, 0, -19, 33, 16, 12, -15, -52, 3, -2, 51, 9, -57, 0, 20, 35, -50, 22, -42, -12, -43, 3, 60, 0, -56, 0, -25, 10, 44, 10, -45, -21, -55, 40, -84, -10, -4, 27};
weights_conv[46] = {0, 0, 0, 0, 0, 0, 0, 0, 0, 0, 0, 0, 0, 0, 0, 0, 0, 0, 0, 0, 0, 0, 0, 0, 0, 0, 0, 0, 0, 0, 0, 0, 0, 0, 0, 0, 0, 0, 0, 0, 0, 0, 0, 0, 0, 0, 0, 0, 0, 0, 0, 0, 0, 0, 0, 0, 0, 0, 0, 0, 0, 0, 0, 0, 0, 0, 0, 0, 0, 0, 0, 0};
weights_conv[47] = {0, 0, 0, 0, 0, 0, 0, 0, 0, 0, 0, 0, 0, 0, 0, 0, 0, 0, 0, 0, 0, 0, 0, 0, 0, 0, 0, 0, 0, 0, 0, 0, 0, 0, 0, 0, 0, 0, 0, 0, 0, 0, 0, 0, 0, 0, 0, 0, 0, 0, 0, 0, 0, 0, 0, 0, 0, 0, 0, 0, 0, 0, 0, 0, 0, 0, 0, 0, 0, 0, 0, 0};
weights_conv[48] = {0, 15, -24, 6, 0, -35, 25, -19, 14, 68, -16, 0, 10, 0, 0, 0, 48, -36, -30, -37, -110, -23, 64, 16, -14, 0, -6, 0, -15, 11, -32, -17, 0, 19, 0, -1, 109, 0, 18, 0, -4, -2, 30, 47, 40, -18, -28, 0, -2, 27, 7, -23, 34, -13, -16, 3, -3, 0, 8, 0, 81, 4, 30, 12, 7, -81, 3, -24, -53, -6, -31, 0};
weights_conv[49] = {0, 0, 0, 0, 0, 0, 0, 0, 0, 0, 0, 0, 0, 0, 0, 0, 0, 0, 0, 0, 0, 0, 0, 0, 0, 0, 0, 0, 0, 0, 0, 0, 0, 0, 0, 0, 0, 0, 0, 0, 0, 0, 0, 0, 0, 0, 0, 0, 0, 0, 0, 0, 0, 0, 0, 0, 0, 0, 0, 0, 0, 0, 0, 0, 0, 0, 0, 0, 0, 0, 0, 0};
weights_conv[50] = {29, -31, 19, 80, 0, 52, 5, -29, -43, 22, 15, 0, 24, 0, 0, 0, 31, -23, -37, -16, 49, -74, -31, -55, 13, 31, -16, 0, -49, 67, 24, -39, 0, -43, 0, -34, 24, -14, -50, -18, 57, 20, -43, 48, 15, 28, -53, 0, -6, 42, 41, 4, 32, -37, 49, 55, 18, 0, 9, 0, -29, -37, -16, -7, -56, -42, 52, 32, -1, -82, -13, 30};
weights_conv[51] = {0, 0, 0, 0, 0, 0, 0, 0, 0, 0, 0, 0, 0, 0, 0, 0, 0, 0, 0, 0, 0, 0, 0, 0, 0, 0, 0, 0, 0, 0, 0, 0, 0, 0, 0, 0, 0, 0, 0, 0, 0, 0, 0, 0, 0, 0, 0, 0, 0, 0, 0, 0, 0, 0, 0, 0, 0, 0, 0, 0, 0, 0, 0, 0, 0, 0, 0, 0, 0, 0, 0, 0};
weights_conv[52] = {0, 0, 0, 0, 0, 0, 0, 0, 0, 0, 0, 0, 0, 0, 0, 0, 0, 0, 0, 0, 0, 0, 0, 0, 0, 0, 0, 0, 0, 0, 0, 0, 0, 0, 0, 0, 0, 0, 0, 0, 0, 0, 0, 0, 0, 0, 0, 0, 0, 0, 0, 0, 0, 0, 0, 0, 0, 0, 0, 0, 0, 0, 0, 0, 0, 0, 0, 0, 0, 0, 0, 0};
weights_conv[53] = {0, 0, 0, 0, 0, 0, 0, 0, 0, 0, 0, 0, 0, 0, 0, 0, 0, 0, 0, 0, 0, 0, 0, 0, 0, 0, 0, 0, 0, 0, 0, 0, 0, 0, 0, 0, 0, 0, 0, 0, 0, 0, 0, 0, 0, 0, 0, 0, 0, 0, 0, 0, 0, 0, 0, 0, 0, 0, 0, 0, 0, 0, 0, 0, 0, 0, 0, 0, 0, 0, 0, 0};
weights_conv[54] = {0, 0, 0, 0, 0, 0, 0, 0, 0, 0, 0, 0, 0, 0, 0, 0, 0, 0, 0, 0, 0, 0, 0, 0, 0, 0, 0, 0, 0, 0, 0, 0, 0, 0, 0, 0, 0, 0, 0, 0, 0, 0, 0, 0, 0, 0, 0, 0, 0, 0, 0, 0, 0, 0, 0, 0, 0, 0, 0, 0, 0, 0, 0, 0, 0, 0, 0, 0, 0, 0, 0, 0};
weights_conv[55] = {0, 0, 0, 0, 0, 0, 0, 0, 0, 0, 0, 0, 0, 0, 0, 0, 0, 0, 0, 0, 0, 0, 0, 0, 0, 0, 0, 0, 0, 0, 0, 0, 0, 0, 0, 0, 0, 0, 0, 0, 0, 0, 0, 0, 0, 0, 0, 0, 0, 0, 0, 0, 0, 0, 0, 0, 0, 0, 0, 0, 0, 0, 0, 0, 0, 0, 0, 0, 0, 0, 0, 0};
weights_conv[56] = {0, 0, 0, 0, 0, 0, 0, 0, 0, 0, 0, 0, 0, 0, 0, 0, 0, 0, 0, 0, 0, 0, 0, 0, 0, 0, 0, 0, 0, 0, 0, 0, 0, 0, 0, 0, 0, 0, 0, 0, 0, 0, 0, 0, 0, 0, 0, 0, 0, 0, 0, 0, 0, 0, 0, 0, 0, 0, 0, 0, 0, 0, 0, 0, 0, 0, 0, 0, 0, 0, 0, 0};
weights_conv[57] = {-31, 26, 60, 2, 0, -28, 14, 28, 63, -1, 10, 0, 42, 0, 0, 0, 28, 8, -22, 34, -53, 41, -18, -9, -5, -27, -7, 0, 57, -26, 49, 10, 0, 55, 0, -19, 18, -32, 66, 45, -11, 13, 37, 1, -2, 4, 35, 0, 68, 19, -9, 15, 27, 59, -22, 68, 40, 0, -7, 0, 24, -6, 18, -42, 54, 4, -1, 27, 19, 43, 17, -5};
weights_conv[58] = {-12, -18, -17, 53, 0, -1, -2, 45, -62, 48, -12, 0, 44, 0, 0, 0, 26, 72, 74, -26, 74, 10, 46, 39, -23, 36, 38, 0, -61, -6, 5, 14, 0, -89, 0, 13, -29, 42, -15, 37, -7, -29, -46, -30, -33, -38, -37, 0, 30, 59, -32, -7, 23, -27, -36, -1, -37, 0, 27, 0, -25, 58, -19, 4, -34, -11, -38, 42, -28, -31, 8, 16};
weights_conv[59] = {0, 0, 0, 0, 0, 0, 0, 0, 0, 0, 0, 0, 0, 0, 0, 0, 0, 0, 0, 0, 0, 0, 0, 0, 0, 0, 0, 0, 0, 0, 0, 0, 0, 0, 0, 0, 0, 0, 0, 0, 0, 0, 0, 0, 0, 0, 0, 0, 0, 0, 0, 0, 0, 0, 0, 0, 0, 0, 0, 0, 0, 0, 0, 0, 0, 0, 0, 0, 0, 0, 0, 0};
weights_conv[60] = {49, -33, -17, -67, 0, -1, -76, -9, -17, -64, 16, 0, -6, 0, 0, 0, 4, -21, -36, 23, 45, -27, -14, -43, 42, 18, 53, 0, 18, -63, 11, -2, 0, -11, 0, 88, -129, 19, -9, 3, -16, 17, -21, 16, -20, 6, -54, 0, 2, 24, -7, -71, -1, 11, 8, 4, 26, 0, -33, 0, -88, 21, 28, 29, -22, -50, 13, 24, -7, -8, -45, 86};
weights_conv[61] = {0, 0, 0, 0, 0, 0, 0, 0, 0, 0, 0, 0, 0, 0, 0, 0, 0, 0, 0, 0, 0, 0, 0, 0, 0, 0, 0, 0, 0, 0, 0, 0, 0, 0, 0, 0, 0, 0, 0, 0, 0, 0, 0, 0, 0, 0, 0, 0, 0, 0, 0, 0, 0, 0, 0, 0, 0, 0, 0, 0, 0, 0, 0, 0, 0, 0, 0, 0, 0, 0, 0, 0};
weights_conv[62] = {0, 0, 0, 0, 0, 0, 0, 0, 0, 0, 0, 0, 0, 0, 0, 0, 0, 0, 0, 0, 0, 0, 0, 0, 0, 0, 0, 0, 0, 0, 0, 0, 0, 0, 0, 0, 0, 0, 0, 0, 0, 0, 0, 0, 0, 0, 0, 0, 0, 0, 0, 0, 0, 0, 0, 0, 0, 0, 0, 0, 0, 0, 0, 0, 0, 0, 0, 0, 0, 0, 0, 0};
weights_conv[63] = {0, 0, 0, 0, 0, 0, 0, 0, 0, 0, 0, 0, 0, 0, 0, 0, 0, 0, 0, 0, 0, 0, 0, 0, 0, 0, 0, 0, 0, 0, 0, 0, 0, 0, 0, 0, 0, 0, 0, 0, 0, 0, 0, 0, 0, 0, 0, 0, 0, 0, 0, 0, 0, 0, 0, 0, 0, 0, 0, 0, 0, 0, 0, 0, 0, 0, 0, 0, 0, 0, 0, 0};
weights_conv[64] = {4, 49, -80, -116, 0, 62, 23, -14, 24, 52, -56, 0, 18, 0, 0, 0, -13, 13, 19, -39, 16, 33, 11, -30, 43, -50, 2, 0, 43, 10, -105, 5, 0, 22, 0, 20, 32, 1, 17, -14, 78, 19, -8, 69, 78, -13, 26, 0, -42, -67, 12, -56, -75, -14, 32, -56, -13, 0, -30, 0, -15, -41, 57, 41, 54, 25, 36, -74, -27, 4, -80, -26};
weights_conv[65] = {0, 0, 0, 0, 0, 0, 0, 0, 0, 0, 0, 0, 0, 0, 0, 0, 0, 0, 0, 0, 0, 0, 0, 0, 0, 0, 0, 0, 0, 0, 0, 0, 0, 0, 0, 0, 0, 0, 0, 0, 0, 0, 0, 0, 0, 0, 0, 0, 0, 0, 0, 0, 0, 0, 0, 0, 0, 0, 0, 0, 0, 0, 0, 0, 0, 0, 0, 0, 0, 0, 0, 0};
weights_conv[66] = {0, 0, 0, 0, 0, 0, 0, 0, 0, 0, 0, 0, 0, 0, 0, 0, 0, 0, 0, 0, 0, 0, 0, 0, 0, 0, 0, 0, 0, 0, 0, 0, 0, 0, 0, 0, 0, 0, 0, 0, 0, 0, 0, 0, 0, 0, 0, 0, 0, 0, 0, 0, 0, 0, 0, 0, 0, 0, 0, 0, 0, 0, 0, 0, 0, 0, 0, 0, 0, 0, 0, 0};
weights_conv[67] = {0, 0, 0, 0, 0, 0, 0, 0, 0, 0, 0, 0, 0, 0, 0, 0, 0, 0, 0, 0, 0, 0, 0, 0, 0, 0, 0, 0, 0, 0, 0, 0, 0, 0, 0, 0, 0, 0, 0, 0, 0, 0, 0, 0, 0, 0, 0, 0, 0, 0, 0, 0, 0, 0, 0, 0, 0, 0, 0, 0, 0, 0, 0, 0, 0, 0, 0, 0, 0, 0, 0, 0};
weights_conv[68] = {0, 0, 0, 0, 0, 0, 0, 0, 0, 0, 0, 0, 0, 0, 0, 0, 0, 0, 0, 0, 0, 0, 0, 0, 0, 0, 0, 0, 0, 0, 0, 0, 0, 0, 0, 0, 0, 0, 0, 0, 0, 0, 0, 0, 0, 0, 0, 0, 0, 0, 0, 0, 0, 0, 0, 0, 0, 0, 0, 0, 0, 0, 0, 0, 0, 0, 0, 0, 0, 0, 0, 0};
weights_conv[69] = {-87, 50, -29, -6, 0, -31, 6, 6, 31, 13, 19, 0, -8, 0, 0, 0, -48, -34, -75, 53, 13, 15, 0, 30, -61, 21, 6, 0, -4, 8, 38, -30, 0, 48, 0, -7, -4, -23, 9, -2, -13, 40, -6, -7, -33, 6, -26, 0, 3, 23, -82, 3, 48, 38, -31, -20, -64, 0, -18, 0, 4, 70, -34, -9, 23, -42, -91, 21, 59, 49, 15, 11};
weights_conv[70] = {0, 0, 0, 0, 0, 0, 0, 0, 0, 0, 0, 0, 0, 0, 0, 0, 0, 0, 0, 0, 0, 0, 0, 0, 0, 0, 0, 0, 0, 0, 0, 0, 0, 0, 0, 0, 0, 0, 0, 0, 0, 0, 0, 0, 0, 0, 0, 0, 0, 0, 0, 0, 0, 0, 0, 0, 0, 0, 0, 0, 0, 0, 0, 0, 0, 0, 0, 0, 0, 0, 0, 0};
weights_conv[71] = {-66, 75, -48, -3, 0, 14, 36, 27, 45, 12, -8, 0, 5, 0, 0, 0, 56, 10, 24, 29, 35, 69, 10, 34, 38, 21, -5, 0, 73, 50, -46, -19, 0, -13, 0, -40, 10, 11, 72, 82, 28, -37, 57, -21, 40, -14, -38, 0, 31, -38, -46, 10, 32, -22, -34, -58, 21, 0, 26, 0, 14, -37, 12, 45, 41, -23, -50, 25, 9, 34, 34, -53};

Bias (8 bit):
 {-257, 0, 548, 0, 0, 0, 0, 632, 0, 0, 0, 240, 0, 208, -791, 0, 0, 0, 0, 0, 0, 617, 0, 59, 0, 0, -143, 0, 263, 0, 0, -391, 0, 0, 0, 0, 365, 0, 0, 0, 0, 0, -44, 619, 0, -581, 667, 0, 0, 0, 0, -151, 0, 652, 664, 162, -77, 0, 314, -272, 845, 0, 0, 0, 0, 325, 375, 0, 0, -159, 0, 0};
