Input scale (32 bit):
 34229976
Input zero point:
 128
Weight scale (32 bit):
 49620956
Weight zero point:
 113
Output scale (32 bit):
 385196224
Output zero point:
 130
M scale (32 bit):
 4409504
Weight (8 bit):
weights_conv[0] = {8, -14, 67, -7, 56, 16, -56, -14, -57, 2, 13, -19, 41, -33, 68, 11, 7, 46, -37, 11, -74, -3, 7, 8, -15, -41, -10, -27, 2, -10, 11, 50, -18, -77, -15, 40, 142, -8, 4, -42, 19, -6, -6, 3, -12, 5, 2, -4, -21, 9, -31, 14, -19, -20, -35, 10, -21, 113, -11, -54, 10, -15, -17, 5, -42, 10, -9, -26, 12, -3, -2, -32};
weights_conv[1] = {5, -17, -48, -5, -31, 14, -16, -4, -10, -112, 8, 10, -73, -32, -27, -53, 5, 1, 106, -5, 20, 0, 3, -7, -8, 13, -42, -79, 2, -10, -28, -96, -12, 8, -17, 0, -24, 17, -8, 3, 4, 5, 18, -17, -42, -7, -1, -17, 20, 4, -1, 13, 0, -14, -5, -47, 16, -43, -30, 19, 3, -11, 29, 3, 32, 10, 30, 68, 17, -7, -3, 6};
weights_conv[2] = {-15, -11, -9, -14, 48, 13, 0, 6, 92, 45, 16, -12, -9, 5, 70, 19, 10, -9, -23, -6, 5, 4, -11, -10, -20, 34, -11, 26, -15, 8, 27, 66, -16, 15, -13, 5, -42, 19, 32, 41, -10, -19, 3, -18, -18, -20, -8, 21, -46, -33, 19, 19, 33, -19, 35, -56, -39, -56, -23, -38, -5, -17, -113, 3, -37, 17, 51, -28, -23, -8, 17, -5};
weights_conv[3] = {9, -4, 50, -4, 16, 10, -17, -5, -11, 35, 4, -6, -51, 18, -62, 32, 8, -26, -8, 52, 85, 2, 4, 18, -12, -17, -1, 62, 31, 8, 91, 9, -12, 38, -10, 0, -34, -4, 27, 15, 17, 53, 12, 44, 1, 6, -13, 6, -1, -6, 0, 5, -61, -8, -19, 117, 42, -15, -5, 70, 8, -6, -15, 13, 3, 6, -36, -71, -10, -3, 28, -22};
weights_conv[4] = {-1, 25, -34, 6, -35, -28, 60, 9, 4, 28, -27, 21, 54, 29, -10, 7, -18, -6, -22, -25, -33, -8, -15, -8, 27, 9, 32, 5, -13, -2, -51, -19, 21, -1, 30, -23, -24, -1, -20, 5, -14, -19, -16, -4, 37, 17, 10, -11, 31, 12, 8, -25, 29, 27, 12, -9, -9, 31, 45, 7, -11, 29, 43, -7, 13, -22, -19, 37, -4, 12, -28, 14};

Bias (8 bit):
 {3841, -1076, -810, -1265, -2366};
