Input scale (32 bit):
 34229976
Input zero point:
 128
Weight scale (32 bit):
 42106656
Weight zero point:
 114
Output scale (32 bit):
 390842048
Output zero point:
 174
M scale (32 bit):
 3687704
Weight (8 bit):
weights_conv[0] = {-49, -26, 8, -107, 50, 30, -20, -16, -9, -11, 18, -94, -11, 18, -10, -25, -79, -43, -15, -58, -10, -32, 50, -73, -28, 46, 50, -2, 7, 141, -3, -39, -30, 7, -30, 10, 9, -32, -27, -8, 7, -39, 5, 9, 13, -64, 86, 23, -11, 20, -12, 28, -15, -22, -26, 28, 58, -16, -71, -17, -114, -32, -5, 15, 32, 15, 15, -24, 63, -97, 105, -22};

Bias (8 bit):
 {-4186};
