Input scale (32 bit):
 34014792
Input zero point:
 128
Weight scale (32 bit):
 61328984
Weight zero point:
 133
Output scale (32 bit):
 474302496
Output zero point:
 122
M scale (32 bit):
 4398232
Weight (8 bit):
weights_conv[0] = {-35, 7, 78, -25, 21, 10, -17, 39, -24, -19, -1, 2, 42, 27, -13, -17, -46, -14, 13, -3, 39, 2, -34, 8, -31, 12, 16, 14, 10, -26, -33, -51, -43, 19, -18, -19, -27, -28, 2, 6, 3, 33, 18, 15, 11, -22, 100, -10, -22, -5, -14, 20, -47, -17, -18, -37, 22, 18, 18, 14, -21, 28, 109, -40, 27, -17, 19, -33, 21, 13, -1, 23};
weights_conv[1] = {-3, 20, -34, -27, -13, -11, -18, -24, 0, 46, 13, 13, 9, 5, -58, 5, -17, -36, 6, -4, -48, 1, 41, -30, 7, -50, 30, 84, 10, -32, 75, 1, 17, -13, -36, -12, 13, 7, 18, 7, -12, -11, 8, 10, 7, -55, -29, 52, -15, -13, 7, -30, -51, -14, -9, 13, 7, -17, -49, 42, -12, -54, -30, -12, -7, -33, 11, -68, -48, 35, -28, -56};
weights_conv[2] = {-3, 11, 1, -89, -26, 0, 26, 43, -36, -3, 5, 4, 10, 2, 35, 52, 66, 25, 1, -9, 28, 6, -15, -47, -32, 12, -6, -24, 29, 43, -64, -53, -55, 29, 24, -9, 9, -24, -7, 26, -10, 29, 9, 5, 12, -65, -20, 74, -8, -7, -18, 34, -11, -10, -7, -51, 4, 15, 23, 24, -7, 31, -50, -9, 3, -49, 7, -25, 22, -8, -15, 49};
weights_conv[3] = {17, -10, -56, -49, -11, -3, 44, -25, -3, -11, 6, 24, 18, 9, -69, 25, 14, -10, 4, -6, 92, -38, -33, 39, 22, 40, -36, 24, -3, -29, -49, -26, 68, 14, -63, -1, -22, -49, 16, 19, -20, 14, 7, -1, -2, -29, -17, -26, -6, -9, 8, 2, -14, -3, -5, -2, 8, -19, 39, -21, -6, -16, -23, -83, -81, 26, 9, 29, -4, 10, -9, 31};
weights_conv[4] = {17, -70, -3, -4, 1, -13, 17, 47, 20, -21, 36, -56, -8, 8, 4, -31, 1, -9, 5, 15, -2, 3, -1, -17, -2, 24, 19, 25, -4, -12, 4, 16, -19, -19, 40, 23, 6, 18, -18, -47, 19, -99, -31, -29, -10, -10, -2, -13, 30, 23, 32, -20, 22, 33, 30, 15, -24, -17, 40, -21, 27, 18, -2, -4, 13, 88, -29, 4, -9, 36, 35, -48};
weights_conv[5] = {24, 27, -20, -22, -29, 9, -5, -18, 27, -15, 6, 13, -9, 34, -29, -15, -51, 28, 8, -10, -56, -25, -54, -7, -13, 4, 15, -84, -7, -27, 17, 74, 14, 15, 38, -7, -8, -21, -19, 7, -15, 16, 15, 14, 20, 98, -11, -24, -11, -2, -46, 17, 65, -9, -12, 4, 8, 54, -6, 13, -10, -16, 34, -9, 2, -26, 12, -32, 63, -32, 4, 24};
weights_conv[6] = {-4, 25, -30, -33, -22, -11, 93, -20, -25, 21, -3, 15, 57, 4, -37, -10, 29, 26, 0, -26, -19, 4, 33, -45, -9, -71, -101, -14, 17, 3, -30, -19, 18, 7, -2, -4, -27, 25, 15, 0, -1, 31, 1, 3, 4, -15, -15, -3, -7, -9, -19, 2, 35, -7, -3, 30, 11, -24, -21, -56, -7, 12, 7, 25, -34, 23, 3, -3, 50, 9, -5, -7};
weights_conv[7] = {47, 7, 61, 71, 17, -1, 31, -13, -7, -2, 1, 4, -80, 28, 122, 59, -9, 0, -1, 37, -26, 12, 12, 31, 30, -21, 47, -74, -7, 22, 28, -26, 18, -12, -18, -12, -10, -2, 13, 13, 8, 17, 5, 8, -2, -21, -18, 18, -10, -9, -16, -12, -75, -13, -11, -26, 7, 22, -4, 34, -15, -51, -4, 15, 48, -8, 12, -20, 3, -7, -8, -36};
weights_conv[8] = {-5, 12, 35, 85, 7, 10, -10, -10, -18, -26, 3, -3, -55, 13, 33, 66, -24, 76, 2, 15, -23, 5, -3, 96, 26, 30, -54, -5, 11, 33, 10, -54, -7, 38, 27, -7, 20, 18, 24, 33, 10, 6, 5, 9, -3, 9, 0, -18, -11, -6, 22, -5, 29, -12, -12, 26, 11, 12, -19, 48, -9, -48, -37, 29, -57, 8, 4, 30, -3, -39, -32, 31};
weights_conv[9] = {-9, 20, -20, 42, 4, 8, 7, -13, -7, 31, 3, 5, -8, -19, 15, 19, -57, 14, 3, 44, -14, -5, -15, -33, -3, -10, -22, -133, -20, -4, 20, 20, 18, -9, -4, -14, 10, 23, -5, 12, 9, 16, 12, 9, 4, 112, -17, 17, -12, 1, -8, 21, 40, -9, -5, -67, 7, 14, -28, 14, -7, 23, 60, -8, 43, -18, 14, -1, -77, -13, 9, 17};
weights_conv[10] = {-18, 21, 7, 15, 17, -2, -50, -4, 23, 2, -34, 17, 6, -30, -4, -58, 31, -27, -26, -28, 4, 12, 17, -1, -1, 3, 25, 44, -16, 9, 3, 35, -18, -29, -11, 15, -1, 8, 0, -2, -13, 19, -11, -12, -14, 9, 20, -25, 12, 5, 0, -4, 1, 9, 13, 26, -5, -13, -17, -31, 3, 16, -6, 26, 23, -37, -13, 40, -10, -20, -8, -6};

Bias (8 bit):
 {865, -724, -1485, -1636, -434, -932, 4158, -880, -377, -1710, -1755};
