Input scale (32 bit):
 34014792
Input zero point:
 128
Weight scale (32 bit):
 51595676
Weight zero point:
 93
Output scale (32 bit):
 408158688
Output zero point:
 168
M scale (32 bit):
 4299838
Weight (8 bit):
weights_conv[0] = {3, -10, -28, -9, 71, 89, -10, -37, -4, -4, -93, 67, -8, -36, -16, 20, 0, -44, -58, -87, 7, 108, 3, 34, -2, -5, 13, 2, -15, 28, -4, 26, 31, 24, -51, 23, -14, -49, -1, 1, 14, 33, 27, 25, -25, -6, 27, 15, -30, 162, -17, 27, -7, -32, -29, 3, 4, 2, -30, -9, -28, 9, -7, 61, 10, -3, 27, -6, 21, -22, 17, 46};

Bias (8 bit):
 {-4187};
