Input scale (32 bit):
 230530704
Input scale temporal normalisation (32 bit):
 16003721 (remember to inverse diff calculation or include change in sing)
Input scale channel normalisation (32 bit):
 16003719168
Input zero point:
 166
Weight scale (32 bit):
 38282972
Weight zero point:
 146
Output scale (32 bit):
 209297888
Output zero point:
 167
M Scales (32 bit):
 42166696
Input quantisation (only for first layer):
F scale (for 32 bits):2500581233
T scale (for 32 bits):80019
Weight (8 bit):
weights_conv[0] = {23, -19, 11, -4, -17, -10, 4, -6, 0, -8, 13, 18, -13, 1, 5, 18, -14, 1, 10, -2, -8, 6, -2, 0, 6, 9, -12, 4, 0, 25, -2, -3, 12, -22, 10, 47, -1, -30, 26, -30, -1, 11, 11, 9, 16, -3, -27, 2, 4, 5, 10, -9, -11, 16, -23, 0, 9, -24, -3, -17, -1, 11, -13, 3, 22, -8, 16, -3, 15, 13, -4, 7, 16, 3};
weights_conv[1] = {10, -23, 10, -15, 30, 21, 4, -31, 0, 5, 2, -8, 13, 4, 20, -8, 8, -4, -7, -21, -3, -10, 29, 0, 1, -7, -9, 34, 0, -16, 9, -13, -13, 18, 21, 18, 5, 2, -12, 0, -11, 6, -15, 3, -24, 28, -13, -14, 17, 28, 22, -15, -15, 18, -17, 0, -6, -20, -38, -30, 4, 7, 1, 23, -17, -3, -9, 33, 18, -18, 3, -6, -26, -9};
weights_conv[2] = {16, -99, -20, 12, -14, -14, -14, -6, 0, 20, -3, 40, -25, -7, -26, -19, -24, 8, 7, 22, -10, 22, 15, 0, -7, -7, -21, -6, 0, 50, -20, 11, -10, -30, -12, 11, 0, -24, -15, 4, 31, 20, -22, 1, 23, 4, -34, 19, -11, -17, 16, -7, -5, -6, -20, 0, -14, -38, -44, 18, -7, -8, 10, -6, -17, 21, 12, -12, 2, -2, 1, -9, -2, 5};
weights_conv[3] = {-8, -9, 20, -2, 11, -6, -6, -18, 0, 5, 12, -29, 10, 18, 24, 18, -4, 27, -1, 6, 0, -9, 23, 0, 17, 25, -8, 18, 0, -34, 14, 26, 5, 0, -6, 35, 5, -18, -2, -9, 42, 5, -16, 18, -4, -13, -22, 2, -8, 13, 3, 10, -26, -12, 6, 0, -2, -20, 17, -15, 15, -20, -24, -6, 30, -17, -18, -6, 17, 7, 4, 0, 15, -16};
weights_conv[4] = {-15, 68, -11, -16, -6, -14, 15, -6, 0, -2, -15, 8, -11, 2, 12, 1, -8, -13, -6, -6, 6, -3, 23, 0, -13, -5, 9, -2, 0, 4, 0, -11, -5, -11, 25, 14, 1, -20, 14, 3, 1, 5, 13, -8, 3, 4, -5, -4, -7, 9, -7, 10, 21, -5, -7, 0, 8, -8, 5, -10, -12, -14, -6, -1, 12, -11, -10, 4, 16, -29, 13, -14, 9, 2};
weights_conv[5] = {18, -5, 4, 20, -35, -15, 3, 18, 0, 6, 26, 28, -13, -30, -7, 2, -15, -20, 13, 18, -13, 7, 18, 0, -6, 50, -17, 4, 0, 0, -13, 19, 10, 5, -11, -1, -12, 20, -19, -12, 46, -1, 25, 0, 17, -18, -26, -8, 9, -30, -4, -40, -14, -1, 18, 0, 38, 19, -30, 3, -34, -2, 18, 3, -15, 16, -29, 7, 21, 9, -1, -4, -18, 41};
weights_conv[6] = {0, 0, 0, 0, 0, 0, 0, 0, 0, 0, 0, 0, 0, 0, 0, 0, 0, 0, 0, 0, 0, 0, 0, 0, 0, 0, 0, 0, 0, 0, 0, 0, 0, 0, 0, 0, 0, 0, 0, 0, 0, 0, 0, 0, 0, 0, 0, 0, 0, 0, 0, 0, 0, 0, 0, 0, 0, 0, 0, 0, 0, 0, 0, 0, 0, 0, 0, 0, 0, 0, 0, 0, 0, 0};
weights_conv[7] = {60, -26, 18, -2, 27, 17, 16, 2, 0, 1, 18, -29, 3, 11, -9, 27, 24, 27, 25, -14, 5, 16, -15, 0, -4, 2, 6, -5, 0, -8, 27, 7, -4, 22, -32, -9, 6, 18, -32, 8, 2, 2, 5, 1, -3, 18, 11, 6, 30, 16, -10, 0, -10, 5, -2, 0, -7, -4, -1, 31, 18, -29, 9, -7, -29, -15, -3, 6, 35, 12, 4, -5, 4, 8};
weights_conv[8] = {2, -14, 4, -47, 9, -5, -7, -3, 0, 11, -5, -7, -1, -4, -12, -7, 7, 15, -5, -7, 12, -3, -20, 0, 16, 13, -23, -11, 0, 5, 12, -3, -7, 9, -33, -10, 21, 1, -26, -6, -1, 1, 1, 1, -2, -35, -2, -8, -2, 9, -13, -10, -11, -17, 0, 0, -4, -11, 3, 6, 2, -10, 1, -15, -7, -5, 11, -15, 3, 6, 19, 35, -18, -5};
weights_conv[9] = {-15, -7, -14, 2, 20, 21, 0, -34, 0, -3, 2, -23, -8, -12, 14, 4, 12, 16, -20, -1, -6, -11, 6, 0, -19, -12, 14, 5, 0, -4, -2, -5, 1, 0, 19, -7, -5, 47, -7, 7, -8, -4, 7, 14, -1, -3, 14, -6, 12, 1, -11, -16, -15, 13, 8, 0, 11, -10, -15, -23, -8, 9, 17, 39, -32, -1, -32, -9, 10, 5, -21, -13, 2, -9};
weights_conv[10] = {-50, -96, 12, 8, 12, -1, -12, 17, 0, 2, -31, 1, 32, 9, -23, 13, 16, -24, 5, -20, 9, 12, -53, 0, 22, -46, 5, -13, 0, -6, 24, -9, 27, -8, 5, 3, 4, 3, -5, 0, -88, -4, -12, -4, 18, -12, -3, -4, -11, 4, -4, 13, 16, 22, 1, 0, -13, 12, -7, -5, 7, 51, -9, -14, -8, 28, 43, 10, -4, -31, 1, 16, -5, 19};
weights_conv[11] = {-67, 8, -72, 19, -10, 25, 28, 9, 0, -21, -19, -34, -39, 11, 39, 59, -22, -29, 32, 49, 20, 8, -61, 0, 21, 71, -15, 37, 0, -12, 17, 23, 0, -18, -3, 13, 5, 6, -32, -3, 36, 18, 12, 25, 26, -19, 36, -3, -54, 29, 55, 32, -4, 6, 23, 0, 2, 27, 15, 10, -6, -63, 43, -23, -11, -10, -33, -10, 7, 22, 14, -4, 52, 3};
weights_conv[12] = {11, -85, 13, -10, 20, 7, 25, -18, 0, -11, 20, -19, 5, 0, -2, -10, 25, 12, -4, 0, -28, -26, -32, 0, -29, 5, 13, -5, 0, 34, 28, 15, -26, -17, 1, 15, -32, 12, -2, -10, 0, -6, 36, -12, 10, 9, 13, 9, -19, 1, -26, -6, 8, 17, 9, 0, 43, 25, 5, -3, -16, -14, 18, 10, -4, 16, -9, -31, 31, 47, -27, -29, 11, 1};
weights_conv[13] = {-30, -99, -27, -8, -18, 56, -10, -18, 0, -16, 32, 6, -18, 35, 19, 9, -9, 12, 21, -1, -6, -8, -3, 0, -8, -7, 63, 23, 0, 23, 31, -16, -3, -5, 41, 22, 9, 12, 12, -20, -40, 0, 11, 14, -39, 4, -21, 24, -5, 16, 16, 27, 6, -1, -6, 0, 21, -3, -6, -24, 8, -23, -20, 21, -12, 16, -33, 20, 4, 20, 5, -6, 9, 7};
weights_conv[14] = {30, 36, -40, 6, 40, 18, 12, -5, 0, -7, -50, -34, -45, -33, 10, -25, 33, -38, -15, -16, -5, -8, 39, 0, -3, -18, -11, 5, 0, -17, 5, 33, 1, 11, 20, 6, -1, -18, -32, 6, -9, -7, 3, -9, -6, 7, -14, -24, -11, 14, -32, -21, 32, 3, -7, 0, 23, -18, -38, -10, -35, -6, 11, 4, -6, -14, -24, 4, -12, 0, -12, -7, -2, -23};
weights_conv[15] = {0, -21, -22, 0, 35, 21, 10, -24, 0, -5, 0, -47, 7, 25, -11, -37, 34, 35, 0, -20, 5, -23, -22, 0, -2, -9, 2, -15, 0, -16, -26, 22, -13, -48, 9, 6, 8, -21, -27, 40, 26, 16, 1, -2, -11, -22, 18, 11, -51, 38, -32, -26, 21, 20, 8, 0, -47, 22, 13, -1, 14, -4, -1, 5, -21, -35, -11, -34, 1, 10, 4, -13, 1, -3};
weights_conv[16] = {-13, -50, -11, -3, -7, 9, 2, -2, 0, -7, -18, 8, -28, 3, 15, -1, -18, -8, 2, -10, -7, -9, 12, 0, -12, 2, 4, -9, 0, 20, 8, -3, -17, -28, 5, 35, 1, -21, -13, 30, -14, 1, 4, 15, 2, 9, 0, 0, -17, -14, -6, 14, 11, 3, -9, 0, 8, 1, -17, -20, -12, -1, -2, -13, 0, 12, 6, -9, 6, 8, -2, -6, -28, 0};
weights_conv[17] = {-15, -91, 50, 27, 16, -6, 11, -14, 0, -18, -14, -2, -5, 6, -28, -16, 24, 15, -1, -60, 9, -14, -39, 0, -2, -31, -2, -44, 0, -2, -7, -15, 15, 18, -2, -15, 7, 5, -18, 3, -104, 10, -4, 6, 19, 16, 32, -1, -9, 3, -36, -33, 1, 36, 18, 0, -2, -24, 23, -18, -8, 76, 1, 3, 11, 10, 55, -5, -18, 27, 10, 18, -35, 1};
weights_conv[18] = {-7, 2, -9, -11, 14, 2, 11, 3, 0, -6, -4, -8, 19, -6, 0, -9, 8, 16, 1, 5, 2, -3, 0, 0, 6, 1, -6, 2, 0, -4, 13, -11, -4, 6, -7, -7, 4, 0, -21, -6, 7, -2, -7, 10, -10, -7, 4, -2, 4, 4, -1, 5, -2, 3, 6, 0, -15, -13, 4, 7, 2, -3, 14, 1, -2, 2, 4, -7, 7, -4, 5, 12, -2, -5};
weights_conv[19] = {-42, 6, -18, 17, -4, 3, 4, 10, 0, 7, 9, -9, 3, -8, 12, -4, 6, -1, 12, 6, -25, -5, 8, 0, 3, 6, 7, 23, 0, 2, 17, 0, -15, 14, 8, 6, -31, -6, -12, -19, 8, 7, -13, -8, -7, 7, 10, -18, -20, 9, -3, -2, 1, 10, -11, 0, 6, -8, 8, -1, 8, -6, -4, -3, -3, 19, -20, 2, -9, 10, -48, -3, 12, 1};
weights_conv[20] = {-16, 12, 10, -5, -13, 10, -8, 2, 0, 7, 21, 17, 2, -8, 29, 11, -11, -4, -8, -10, -5, -35, 9, 0, -2, -11, 20, -20, 0, -17, -6, 6, 19, 6, 32, -22, -11, 37, 20, -3, -3, 4, 8, -6, -11, -9, 9, 10, -7, 15, -21, 3, 36, 0, 17, 0, -3, 22, 3, -1, -1, 4, 11, 24, 20, -14, -22, -8, -11, -21, -21, -10, 35, 12};
weights_conv[21] = {24, 3, -39, 38, -10, -13, -14, 8, 0, 4, -9, -31, 1, -20, -18, -27, -24, -10, -36, 42, 9, -1, 12, 0, -3, 8, -25, 32, 0, -15, -8, 6, 9, -31, 1, 61, 4, 15, -16, 5, -16, -1, -1, 10, 11, -4, 17, -12, 31, 4, 32, -25, -17, -5, -53, 0, -17, -76, 38, 28, -38, 5, -4, 11, 16, 13, -11, -8, 11, 3, 13, 2, 16, -12};
weights_conv[22] = {-15, 23, -4, -13, -14, -7, -5, 17, 0, 4, -16, -5, -5, -27, -23, -13, -2, -18, 6, 0, -30, -4, -9, 0, 3, 12, 2, 2, 0, 0, -16, -30, -11, -2, -24, -30, -44, 7, -30, 25, 12, -6, -13, -4, 4, 5, 2, -1, 12, -11, 14, -13, -19, -20, -9, 0, -22, -16, -7, 9, -23, 4, 0, -11, -21, -4, 0, 9, -17, -18, -45, 0, 4, -4};
weights_conv[23] = {-9, -16, -3, -65, -1, -12, -2, -5, 0, 37, -8, -4, 7, -2, -14, -7, 8, 4, -7, -9, 24, 5, -16, 0, 30, 1, -34, -19, 0, 3, -5, -3, 8, -2, -38, 3, 31, -1, -17, -5, -8, 4, 11, -5, 6, -65, 4, -11, 11, 4, -17, -4, -14, -30, 8, 0, -14, -5, 10, 21, 2, -14, -3, -23, -7, -9, 15, -24, 0, 13, 28, 62, -13, 5};
weights_conv[24] = {-4, -103, 23, -50, 4, -2, -1, 11, 0, 9, -24, 4, 17, -32, 8, -60, 15, 1, -8, -23, 1, 16, -4, 0, -9, -6, 24, -44, 0, 31, 13, 36, 3, 10, -4, -27, 10, 7, 6, -39, 0, 8, -8, -9, 78, 17, -4, 4, 15, 10, -36, -33, 13, 15, 13, 0, 7, -4, -25, -12, -46, -11, 51, -13, -18, 13, 39, -21, -7, 77, 5, -18, 7, 21};
weights_conv[25] = {49, -33, -38, 9, 63, 30, -2, -13, 0, -11, -25, -15, -15, 5, 4, -13, 21, -9, 15, -4, -3, -35, 16, 0, 1, 0, 8, 0, 0, 19, 36, 12, 3, 12, -2, -9, -13, -30, -25, 3, 6, -6, -7, -12, -10, -12, 32, -1, -8, 6, -3, 19, 7, 1, 6, 0, 13, 12, -12, 11, 32, 14, 36, -15, 21, 21, -6, -13, -12, -2, -11, 1, -4, -10};
weights_conv[26] = {-14, -39, 4, 21, 18, 12, -19, -5, 0, 0, 19, -4, -14, 33, -16, -10, 5, 33, 7, 12, 15, 61, 5, 0, 22, 13, -36, 12, 0, 7, 29, -17, 4, 23, 7, 58, 16, -14, -50, -54, -7, -1, -26, 1, 1, -4, 22, -10, -9, 20, 6, 20, -25, 17, 20, 0, -2, -44, 84, 2, 39, -3, 32, 7, -3, 24, -33, 1, -6, 13, 8, -8, 11, 36};
weights_conv[27] = {-30, 101, -39, -11, 18, 16, 16, -69, 0, 1, -23, 15, -41, -12, 18, -33, 20, -13, -3, 15, 8, -7, 11, 0, -31, -7, -18, -8, 0, 34, 16, 22, 7, -4, 33, 16, 3, 32, -21, 4, -10, 11, 7, 19, 37, 14, 41, 1, 7, -2, -35, -5, 22, 2, 45, 0, 12, -7, -9, -14, 8, -21, 19, 31, -12, 16, -20, -43, -15, 21, 19, -31, -19, -12};
weights_conv[28] = {-19, -8, 8, 6, 9, -12, -4, 15, 0, 8, 20, -13, 4, -8, 19, 3, -32, -30, -2, 6, -9, 8, 5, 0, -15, -7, 1, -1, 0, 2, -1, -33, 4, -20, -5, 20, -9, -17, -21, -13, -7, 5, 8, -18, -5, 3, 2, 2, -34, 3, -12, -5, 2, -8, 5, 0, -4, 18, -19, 1, -23, 9, -3, -1, 5, 8, -22, 4, -48, 5, -13, 15, 12, 20};
weights_conv[29] = {22, 0, -20, -14, 6, 8, 7, 3, 0, -12, 3, 2, -8, 6, 15, -33, 23, -4, 3, -19, 7, -30, 41, 0, 7, -2, -20, -11, 0, -8, -19, 7, 7, -6, 16, 3, 8, -22, 10, -2, 7, 3, 22, 0, -8, -7, -1, -9, -4, 2, -5, -18, -12, 0, 3, 0, 22, -9, -22, -12, -23, -1, 16, 8, 19, -11, -1, -10, -26, -14, 18, -7, 7, -18};
weights_conv[30] = {49, -9, 24, -4, 26, 13, 4, -27, 0, -10, -24, -6, -20, -36, 38, -33, 28, 10, -11, 15, 8, 16, -1, 0, -2, -4, -7, 18, 0, 3, -3, 65, 27, -24, -9, -47, 9, 40, -27, 32, -1, -1, 5, 19, 29, 13, -59, -11, -1, -4, 25, 0, -34, 10, 14, 0, 0, 10, -81, -10, -9, -5, 17, 24, -49, -13, 14, 4, -18, 37, 8, -24, -29, -36};
weights_conv[31] = {14, 46, 19, 3, 1, 1, 1, -3, 0, 1, 25, 26, 12, 8, 22, 25, -4, 3, 22, -9, 2, 19, 0, 0, -1, -12, -1, -1, 0, 14, 3, 26, -8, -33, -6, 10, 2, 18, -18, -15, -6, 4, 23, 5, -5, 9, 11, -12, -32, -3, -9, 8, -13, 3, 5, 0, -19, -5, -16, -4, 16, 12, 28, 3, -19, -15, 27, -13, 1, -4, -1, 0, 4, 5};
weights_conv[32] = {36, -26, 4, -4, -2, 23, -6, -26, 0, 2, 23, 18, -13, -5, -11, 22, 3, -15, -4, -26, 2, -24, -14, 0, -3, -24, 29, -18, 0, -5, 21, -1, 4, 23, 28, -32, -2, 4, 2, -6, -19, 2, -12, -12, -16, -29, -7, 2, 3, -10, -36, -13, 14, 5, -15, 0, -3, -41, -23, 10, 53, 0, -26, 23, 1, -2, 15, -26, 11, -8, -21, -16, 7, -21};
weights_conv[33] = {-28, 27, 18, -1, 9, -1, -1, 4, 0, 0, 14, -34, -8, -7, 1, 6, 18, 12, 10, 32, 10, 9, 10, 0, -18, 13, -10, -1, 0, -28, 6, 0, 1, 1, -5, -18, 7, 25, 13, -3, 28, 2, -22, 2, -3, 4, -6, -16, 5, -4, 12, 13, -17, -10, -14, 0, -2, -7, 15, 11, 8, -22, -26, -11, -17, 4, -45, 1, 5, 4, 13, -25, 11, -9};
weights_conv[34] = {-14, 25, -47, -14, -1, 16, -12, -7, 0, -5, 5, -4, -3, 14, 17, 15, -10, -1, 23, -10, 3, -19, -2, 0, -9, -6, 11, 1, 0, 1, 35, -2, -2, 7, -13, -1, 3, 15, -4, 8, -6, 5, -4, -4, -4, -2, -7, 4, 15, 9, -9, 12, 3, -2, -7, 0, 0, -7, -17, 2, 20, 5, -4, -19, -4, 17, 4, -14, -5, -23, 5, -8, -9, 10};
weights_conv[35] = {25, 20, -5, -6, 7, -7, -1, -8, 0, 1, -4, -2, -7, -10, -13, -6, -11, 4, -1, -16, -5, 1, 3, 0, 16, 6, -38, -13, 0, -5, -12, 5, -9, 9, -34, -2, -10, -9, -10, -8, -10, -1, -10, 3, -27, -14, 15, -5, -2, -2, -11, -11, -3, 2, -1, 0, -19, 8, 17, 6, 0, 8, -4, -24, 10, -3, -8, -12, 7, 11, -5, 17, -3, 8};
weights_conv[36] = {0, 0, 0, 0, 0, 0, 0, 0, 0, 0, 0, 0, 0, 0, 0, 0, 0, 0, 0, 0, 0, 0, 0, 0, 0, 0, 0, 0, 0, 0, 0, 0, 0, 0, 0, 0, 0, 0, 0, 0, 0, 0, 0, 0, 0, 0, 0, 0, 0, 0, 0, 0, 0, 0, 0, 0, 0, 0, 0, 0, 0, 0, 0, 0, 0, 0, 0, 0, 0, 0, 0, 0, 0, 0};
weights_conv[37] = {-14, -10, 0, -11, -40, -20, -20, -15, 0, 12, -15, 9, 4, -1, -9, 9, 28, 30, -16, -27, 12, 12, -8, 0, 13, -33, 18, -14, 0, -49, -8, -39, -3, 1, -11, -35, 16, -7, 1, 30, -27, -12, -6, -15, -6, 5, 7, -30, -16, 2, 0, -11, 2, -7, 25, 0, -15, 25, 11, -10, 5, 7, -25, -5, -31, -18, 1, 2, 19, 3, 20, 3, 1, 4};
weights_conv[38] = {-10, -38, 7, -1, 10, 8, -4, 6, 0, -13, 9, -21, 4, 6, 2, 16, -2, -6, 1, -2, 0, 3, 11, 0, 11, 4, 18, 4, 0, -6, -20, -3, 20, 10, 26, 24, 0, 10, 38, -31, -7, 1, -5, 10, 15, -13, -15, 3, 16, 24, 4, -2, 8, -3, -30, 0, 0, -23, 4, -10, -7, -5, -7, 8, -7, -8, -1, 8, 8, 9, -9, 12, 16, -2};
weights_conv[39] = {2, -72, -21, 33, 7, 7, -7, -13, 0, 2, -15, 16, 4, 11, 46, -38, 23, 3, -23, 13, -1, -28, -5, 0, -16, -56, 34, -9, 0, 25, -25, 24, -8, 13, 21, 3, -8, -2, -4, -24, 5, -2, 8, -26, 0, -16, -1, 22, -1, 0, 26, -23, -19, 8, 20, 0, -15, -8, 26, -2, 35, -14, 22, 16, 21, -11, -23, -8, 16, 15, -25, -7, -6, -5};
weights_conv[40] = {75, -116, 8, -13, 17, -13, 16, 10, 0, -28, -16, -17, -22, -30, 1, 1, 17, -32, -1, 6, -15, -13, 7, 0, 13, -11, 31, 0, 0, -5, 28, 19, 10, -19, -20, -18, -18, -19, -11, -1, -5, -4, -4, -6, 3, 7, 32, -15, -17, 19, 8, 14, 15, -42, 46, 0, 24, 18, 19, 6, -28, -4, 44, 16, 0, 6, 45, 29, -3, -39, -9, 2, 30, 35};
weights_conv[41] = {32, 8, -13, 2, -9, 55, 10, -4, 0, 4, 5, 14, -27, 25, 30, 23, -18, -7, 12, 5, -8, 17, 1, 0, 6, 14, 36, 7, 0, 9, -35, 3, -4, 9, 2, 22, 2, -9, 26, -33, 2, 0, -11, 4, 20, 2, -7, 16, -12, -8, 4, 5, -5, 2, -27, 0, 0, -17, -11, -10, 24, 7, -19, -7, 38, -4, 4, -4, 1, 14, -8, 13, -34, -6};
weights_conv[42] = {-37, -19, 12, -7, 4, 14, -3, 11, 0, -7, 8, -22, 8, 7, -5, 0, -6, -6, -12, -14, 0, 17, -17, 0, 4, 10, 8, -18, 0, 0, 9, 10, 21, 4, 6, 20, 2, 1, 4, -17, 4, -1, -8, 6, 9, -17, 15, 0, 22, 8, -3, -15, -6, 13, -29, 0, -2, -36, 21, -10, -15, 20, -8, 2, -3, 16, 42, -16, 19, 32, -5, 8, -6, -13};
weights_conv[43] = {53, -43, 1, -32, 9, 19, 27, -29, 0, -4, -17, -3, -9, -2, 23, -16, 1, -33, -3, -34, 9, -5, -10, 0, -44, 11, -12, -40, 0, 18, 4, 23, -22, -11, 11, 18, 11, -3, -9, -9, -12, -1, 3, 4, -1, -12, 5, 3, -12, 6, -60, -14, -6, 7, 3, 0, 14, -19, -22, -12, -5, -21, 8, 7, 0, 1, -11, -51, -7, 25, 22, -33, -5, -9};
weights_conv[44] = {100, -15, -10, -16, 19, 17, 24, 11, 0, -9, -6, -45, -2, -8, -2, -8, 9, -10, -2, 13, 16, 2, -3, 0, -12, -8, -9, -2, 0, -26, 11, 16, -3, -16, 10, 0, 13, 15, -8, 11, -12, -1, 11, -12, -5, 5, 9, -34, -11, 5, -17, -17, 19, -10, -17, 0, 12, -3, -4, 5, -7, -40, 8, 2, -30, 6, -21, -1, -32, -2, 17, -28, 7, -10};
weights_conv[45] = {-14, 20, -24, -13, -29, -29, 0, 3, 0, 5, -1, 28, 9, -19, -6, -14, 4, 1, -5, 0, 10, -4, 23, 0, 12, -1, -26, -7, 0, -7, -4, -16, -7, 10, 8, 14, 3, -18, 0, 4, -5, 10, -7, -12, -17, 18, -5, -19, 26, -14, 1, -4, -10, -12, 13, 0, 12, 0, 2, -17, -4, -7, -3, 1, 24, -20, -16, 2, 11, -16, 14, 3, 20, -3};
weights_conv[46] = {3, -64, 23, -52, 1, 9, -22, -5, 0, 7, -13, 22, -9, 5, -9, -45, -11, 6, -33, -19, 23, 8, 18, 0, -20, 27, 1, -18, 0, 16, -16, 16, -29, 13, 5, -9, 24, 25, -7, -4, -10, 0, 7, 22, -25, 35, -30, -7, 41, -12, -12, 6, 12, -4, 44, 0, -5, 5, -11, -8, -3, -53, 8, 1, -27, -17, 6, -11, 38, 51, 26, 0, -39, -15};
weights_conv[47] = {22, -97, 24, 15, -28, 0, 8, 32, 0, 24, -35, 37, -15, -32, 18, -21, -27, -4, 36, 9, -35, -6, 39, 0, 1, 12, -6, 16, 0, 72, -36, -8, -47, -3, -5, 41, -44, -23, 26, -17, 26, 8, -11, -19, -8, 7, -45, 17, -28, -7, 35, -20, -3, 10, 13, 0, 15, -39, -10, 31, 3, 11, 28, 4, 40, 4, -63, 23, -13, 28, -26, 5, -22, 3};
weights_conv[48] = {43, 60, 10, -13, -29, -1, 7, 28, 0, 15, -11, 45, 6, 15, 21, 22, -17, 19, 13, -20, -4, 13, 8, 0, 12, -4, 18, 7, 0, -2, -4, -12, -7, 17, 49, 15, -18, -7, 76, -32, -4, 12, 15, 24, -6, 17, -4, 6, -16, -12, -15, 5, 2, 8, 29, 0, -8, 1, 7, -22, 5, 17, -1, 24, 30, 16, 8, 10, 3, -8, -10, 20, -5, 4};
weights_conv[49] = {3, 4, 9, 11, -2, 18, 13, -10, 0, -5, 16, 19, -1, 3, 22, 9, -19, 20, -23, -12, -32, 21, 12, 0, -2, 19, -2, 11, 0, 9, -2, -6, 16, -11, 17, 26, -46, -12, 7, -17, 10, -2, -8, -3, -17, 15, 19, -15, -1, 22, -3, 9, -12, 5, -6, 0, 15, -16, 29, -11, -7, 8, -27, -4, 11, -28, 5, 1, -9, 2, -50, -13, 1, -13};
weights_conv[50] = {6, -38, -5, -23, -14, 19, -9, 4, 0, 4, -17, -7, 4, 1, 21, -19, -4, 14, -7, -25, 15, 2, 7, 0, -11, 3, -3, -23, 0, 3, -23, 12, -6, 8, -6, 1, 14, 10, 0, -1, -4, 2, 3, 7, 17, 16, -3, 10, 3, -10, -41, -11, -1, 1, 4, 0, 0, 6, -8, -6, 2, -11, 16, 6, -2, 8, -20, -29, 2, 35, 19, 1, -9, -7};
weights_conv[51] = {33, -27, -10, 12, -8, 3, -18, 0, 0, 1, -19, -12, -13, 6, -3, -8, -1, -6, 3, 2, -28, -1, -5, 0, 3, -9, 7, 13, 0, 3, -9, 0, 11, 5, 7, 4, -49, 2, -7, -5, -1, -5, 0, 4, 17, 21, -5, -2, 5, 0, -3, -6, -19, 1, 3, 0, 6, -8, -7, -5, -10, 2, 9, 4, 18, -1, -10, 18, 10, -3, -47, -14, 1, 6};
weights_conv[52] = {15, 10, -37, 10, -25, 7, -4, -11, 0, -7, -2, 13, -13, 1, -1, -5, -10, 20, -8, -4, -9, -23, 4, 0, -1, 18, 16, 12, 0, -8, -3, -8, 0, 10, -6, -14, -7, 4, -8, 8, 14, -7, 12, -5, -10, 14, 8, 11, 12, -9, 10, -21, -8, -13, 17, 0, 10, 7, 3, 5, 3, -12, -10, -5, 13, -10, -9, 1, 35, -3, -6, -9, -11, -15};
weights_conv[53] = {-1, -4, -20, -12, 9, -5, 5, 9, 0, 2, 2, 3, 9, -6, -13, -3, -14, 1, 8, -7, 6, 25, -10, 0, 14, 10, -21, -10, 0, 20, 8, 3, 5, 11, -10, 11, 12, 1, -4, 10, 12, 3, -4, 2, 4, -6, 1, -7, 13, 4, -15, 13, -24, 3, -14, 0, 10, -18, -1, 4, 7, 7, -2, -4, 1, 2, 7, -5, -6, -8, 24, 27, -10, 2};
weights_conv[54] = {-7, 98, 61, 19, -13, 9, 2, 39, 0, 3, 19, 24, 26, 27, 9, -21, 10, 8, 1, 1, 25, 25, -22, 0, -14, 25, 30, 4, 0, 16, -27, 27, 10, 18, 3, 11, 26, -1, -16, 2, -3, 2, 31, 12, 7, 0, -2, 12, -7, -5, -15, 43, -47, 16, 2, 0, -15, -11, -3, 0, 24, 17, 33, 4, 18, -12, -5, -13, 33, -21, 34, -16, -9, -3};
weights_conv[55] = {0, 0, 0, 0, 0, 0, 0, 0, 0, 0, 0, 0, 0, 0, 0, 0, 0, 0, 0, 0, 0, 0, 0, 0, 0, 0, 0, 0, 0, 0, 0, 0, 0, 0, 0, 0, 0, 0, 0, 0, 0, 0, 0, 0, 0, 0, 0, 0, 0, 0, 0, 0, 0, 0, 0, 0, 0, 0, 0, 0, 0, 0, 0, 0, 0, 0, 0, 0, 0, 0, 0, 0, 0, 0};
weights_conv[56] = {-29, -29, -27, -25, -28, -12, -2, -4, 0, 8, 36, -13, 10, -6, -10, -7, -7, 1, 26, 7, 4, 8, 10, 0, -6, 7, 15, -3, 0, -7, -9, -19, 12, 11, -7, -9, -1, -19, 4, -16, -4, 10, -26, -4, 11, 4, 13, -30, 4, -3, -3, 13, -7, -14, -9, 0, 0, -3, 11, 9, 39, -5, 34, -23, -2, 10, 0, 2, 14, -22, 3, -16, -8, 9};
weights_conv[57] = {27, -109, 35, 7, 27, 35, 24, 43, 0, 20, -35, -27, 7, 17, -11, -36, 4, -41, 17, 36, 9, 7, 5, 0, -6, -1, 17, 24, 0, 5, 63, 49, -22, 72, -19, -16, 5, 39, -17, 22, 21, -8, -19, -19, 45, 17, -19, 6, 25, -4, 28, -20, -24, 16, 17, 0, -63, -45, 27, 25, 9, -4, 17, 11, -30, 13, -29, 23, -41, 37, 3, -21, -5, -7};
weights_conv[58] = {-19, 12, 21, 4, -17, 11, -5, -8, 0, -1, -3, 29, -12, -3, 7, -5, -17, 35, -11, 9, 0, -6, -11, 0, 39, 28, 19, 21, 0, -12, 2, 21, -9, -14, 2, 1, -5, 5, -13, 3, 2, -1, 9, 10, -9, -11, -13, 4, 13, -10, 20, 5, 0, 4, 6, 0, -3, 0, -11, -6, 1, 29, 7, -2, 10, -5, 32, 21, 4, 14, -4, 15, 9, 16};
weights_conv[59] = {0, 0, 0, 0, 0, 0, 0, 0, 0, 0, 0, 0, 0, 0, 0, 0, 0, 0, 0, 0, 0, 0, 0, 0, 0, 0, 0, 0, 0, 0, 0, 0, 0, 0, 0, 0, 0, 0, 0, 0, 0, 0, 0, 0, 0, 0, 0, 0, 0, 0, 0, 0, 0, 0, 0, 0, 0, 0, 0, 0, 0, 0, 0, 0, 0, 0, 0, 0, 0, 0, 0, 0, 0, 0};
weights_conv[60] = {17, 10, -15, -7, 15, -2, 12, 8, 0, 1, -11, 5, 17, -11, 2, -23, 11, -6, 5, 4, -13, 2, -18, 0, 0, -18, -7, 6, 0, -6, 16, -5, 11, 10, 5, -18, -21, 11, -26, 17, 13, -3, -11, -13, -22, -1, -6, -4, -1, -4, -13, 10, 22, 11, 15, 0, -9, 17, -17, 4, 7, 4, 10, 2, -17, 5, -20, 16, -15, -4, -20, -12, 1, 11};
weights_conv[61] = {0, 0, 0, 0, 0, 0, 0, 0, 0, 0, 0, 0, 0, 0, 0, 0, 0, 0, 0, 0, 0, 0, 0, 0, 0, 0, 0, 0, 0, 0, 0, 0, 0, 0, 0, 0, 0, 0, 0, 0, 0, 0, 0, 0, 0, 0, 0, 0, 0, 0, 0, 0, 0, 0, 0, 0, 0, 0, 0, 0, 0, 0, 0, 0, 0, 0, 0, 0, 0, 0, 0, 0, 0, 0};
weights_conv[62] = {10, 15, 28, -18, 11, -8, -2, -7, 0, -3, -21, -14, -18, -7, 2, -10, 30, 18, -5, -39, -7, 16, 14, 0, -22, -1, -3, -8, 0, -39, 7, -20, 13, 2, 49, 8, -2, 13, -8, -7, -16, 3, 1, -12, -1, -9, -40, -23, -5, -5, -27, 30, -17, 11, -2, 0, 36, -7, -30, -9, -22, -20, 25, 8, -12, -35, 5, -14, 6, -8, 4, -29, 9, -20};
weights_conv[63] = {-25, -134, 4, -14, -7, -1, -5, 10, 0, 6, 6, 6, 0, 6, 5, 11, 3, 5, 2, -14, 12, -21, 1, 0, -17, -14, 10, -34, 0, 51, 37, 2, 16, 9, -15, -8, 18, -9, -9, 12, -12, 7, -3, -21, 5, -21, 2, 17, -9, -2, -11, 33, -3, -13, -17, 0, 13, -2, -9, 0, 17, -23, 5, 5, -11, -6, 9, -22, -20, -18, 16, -8, 1, 18};
weights_conv[64] = {13, 43, 44, -51, 11, 19, 5, 15, 0, -1, 4, -4, 10, -34, 20, -19, 34, 3, 22, 4, 25, 21, -23, 0, -43, -27, 6, -36, 0, -21, 4, 53, 4, -39, 7, -3, 24, 23, -33, -3, 9, 12, -24, -14, 5, 39, 14, -40, -58, 5, -31, -8, 4, 2, 13, 0, 23, 13, 7, 5, -29, -52, -7, 3, -23, 1, 6, -41, -5, 52, 17, -33, -3, 5};
weights_conv[65] = {12, 1, -4, 5, -1, 9, 12, -7, 0, 4, -11, -21, 4, 9, 5, -1, -10, 1, 1, -14, 2, -6, 12, 0, -4, 4, 7, 1, 0, -20, 1, -9, 0, -1, -12, -22, 2, -9, -7, 8, 3, -2, -4, -3, -2, -6, 30, 8, 10, 12, 8, 16, -7, -2, 15, 0, -1, 14, 2, 5, -13, -4, 0, -7, -19, 11, -29, -4, 16, 5, 6, -3, -8, 5};
weights_conv[66] = {-74, -10, -22, 13, 8, 1, -1, -5, 0, 8, 8, 6, -13, 3, -9, 7, -12, 12, -6, 8, 13, 12, 12, 0, 10, 5, 23, 7, 0, 2, -1, -6, -14, 1, 2, 24, 12, -9, 3, -17, 10, 9, -5, -15, 9, -10, -10, 7, -23, 7, -14, -12, -5, -6, -4, 0, -7, -46, -10, 10, 0, -1, -7, -1, 27, -9, -28, -14, -14, 16, 24, -2, -15, -19};
weights_conv[67] = {4, 47, -29, -5, -6, -5, -1, -18, 0, 23, 1, 7, -10, 16, -2, -2, -8, 12, -7, 8, 7, 19, -6, 0, 14, 17, -2, 12, 0, -12, -11, 13, -6, 39, -5, 23, -6, 2, 15, -11, -5, -2, 9, 7, -13, 18, -9, 3, 67, 8, -4, -12, -1, 9, -21, 0, 2, -16, -5, 15, 3, 15, -26, -4, -12, -5, -9, 3, 67, 8, -2, -4, -7, -2};
weights_conv[68] = {10, -4, -3, 32, 4, 13, 5, 5, 0, 3, 1, -8, -3, 10, 22, 2, 0, 5, -1, 3, -24, 1, 11, 0, 13, 5, 19, 20, 0, -26, 9, -7, 1, 3, 14, -4, -43, -15, 1, -14, 10, -1, 3, -9, -11, -1, 15, 4, -13, 15, 9, -6, 10, -2, 7, 0, 5, 3, -4, 9, -8, 11, 1, 12, 18, -1, -9, 16, -3, 6, -36, -3, 11, 2};
weights_conv[69] = {-6, 2, -34, -9, -7, -5, 8, -11, 0, -11, -22, 14, -13, -3, 3, -17, 2, 5, -9, 4, 8, -25, -16, 0, 39, 11, 13, 42, 0, -35, 1, 2, 1, 22, -2, -25, -4, 33, 17, 16, 12, -3, -6, 32, -2, 19, 11, 4, 16, 3, 11, -12, 3, -6, 17, 0, 5, -9, -1, -6, 10, 3, -35, -4, -13, 6, 8, 37, 16, -15, 13, 3, 0, -12};
weights_conv[70] = {-21, -13, 8, 9, -3, 2, 0, 9, 0, 5, 7, -1, 19, -3, -13, 3, 10, -12, 3, 9, 4, 2, -6, 0, 7, 5, 8, 0, 0, -17, 13, -3, 11, -6, 6, -2, 0, -7, 8, -24, -33, -1, -8, 4, 16, 3, 0, 4, -5, 5, 7, 25, 0, 17, -21, 0, -11, 4, -18, 13, 2, 25, -7, 0, -15, 20, 24, 10, 0, 24, -3, 8, 13, 9};
weights_conv[71] = {-61, -25, 14, 23, 10, 5, 9, 5, 0, 14, 9, -29, -21, -5, 3, 12, 11, 4, -12, -2, 5, 8, -9, 0, 68, 7, 8, 19, 0, -33, -1, 37, 3, 18, -6, -15, -9, 17, 15, -7, 7, 6, 5, -13, -5, -49, -17, 5, -1, 5, 18, -15, -9, -3, -17, 0, 12, -18, 13, 13, 12, 5, -16, -7, -18, -4, 7, 11, 19, 21, -6, 20, 47, -3};

Bias (8 bit):
bias_conv = {-2334, -409, -994, -1311, -2001, 1409, -582, 726, 367, 898, 0, 603, 0, -3537, -3930, 190, 0, -4794, -997, 308, 321, 477, -360, -3619, -1584, -599, 382, 1475, 3285, -1211, -1618, -2585, -1152, -1200, 1873, 0, 1059, -498, 1500, 1286, -2855, -1633, 336, 2484, -1941, -4270, -2714, -975, 1036, 3631, 213, -808, 206, -643, -793, 659, 2272, 2559, -1982, -1905, -3507, -378, -378, 1075, -2970, 0, -1671, 138, -1839, 1401, -237, -2159};
Input range (8 bit):
 [-8, -7, -6, -5, -4, -3, -2, -1, 0, 1, 2, 3, 4]
Output range (8 bit):
 [-149, -130, -112, -93, -75, -56, -37, -19, 0, 19, 37, 56, 75]
