Input scale (32 bit):
 209297888
Input scale temporal normalisation (32 bit):
 17627262 (remember to inverse diff calculation or include change in sing)
Input scale channel normalisation (32 bit):
 17627262976
Input zero point:
 167
Weight scale (32 bit):
 42555124
Weight zero point:
 130
Output scale (32 bit):
 206399008
Output zero point:
 128
M Scales (32 bit):
 43152812
Input quantisation (only for first layer):
F scale (for 32 bits):2754259766
T scale (for 32 bits):88136
Weight (8 bit):
weights_conv[0] = {0, -2, 9, 14, 11, 4, -2, 24, -12, -3, -2, 8, 0, -10, 0, 14, -7, -15, 0, -25, 10, 1, 9, -9, 19, -6, -7, -10, -5, -20, 27, -9, -14, 28, -6, -5, -5, 0, 1, -3, -26, -2, 6, -29, -2, -9, -14, 14, 5, 15, 3, -30, 4, -16, 4, 0, 27, 8, 5, 16, 0, 12, 3, 6, -6, 4, -12, 0, -8, 3, 8, 2, -11, -14};
weights_conv[1] = {0, 0, 0, 0, 0, 0, 0, 0, 0, 0, 0, 0, 0, 0, 0, 0, 0, 0, 0, 0, 0, 0, 0, 0, 0, 0, 0, 0, 0, 0, 0, 0, 0, 0, 0, 0, 0, 0, 0, 0, 0, 0, 0, 0, 0, 0, 0, 0, 0, 0, 0, 0, 0, 0, 0, 0, 0, 0, 0, 0, 0, 0, 0, 0, 0, 0, 0, 0, 0, 0, 0, 0, 0, 0};
weights_conv[2] = {0, -36, 3, -17, -8, -1, 2, -2, 42, -17, -16, 12, 0, 5, 0, -16, -6, 16, 0, -1, 24, 8, 11, -17, -22, 5, -3, 3, -1, -11, -20, 2, 9, -31, -8, 16, 64, 0, 22, 5, 13, 2, 18, 3, -9, -31, 0, -17, 7, -9, 25, 14, -34, 13, -5, 19, -35, -15, 11, -3, 15, -9, 2, -32, 1, 22, 3, 0, 5, 19, -13, -11, -12, 3};
weights_conv[3] = {0, 71, 28, 3, -19, 6, 0, 43, -5, 7, -13, 10, 0, 10, 0, 0, -11, -24, 0, 51, 28, 19, -6, -18, -34, -24, -40, 11, 22, 47, 26, 10, -32, -18, -23, 5, 10, 0, -10, 3, -18, 16, -21, 9, 21, -36, 2, 12, 16, -20, 24, -41, 11, 8, 8, 11, -25, 4, 11, 19, -13, 4, 28, -21, -26, 18, -9, 0, -26, -6, -3, -13, -4, -27};
weights_conv[4] = {19, -65, -1, -13, -19, -4, -22, 4, -4, -9, 22, -5, 0, -6, 0, 2, -8, 19, 0, -9, -4, -3, 14, 15, -33, 9, -15, 6, 7, 2, 3, -1, -1, 11, 3, 14, -4, 0, 1, 0, -18, -16, 1, 4, 17, -3, 7, 1, 8, 21, -4, 4, -4, 11, -7, 0, 15, -12, 2, -11, -23, -15, 14, -15, 1, -2, -1, 0, 1, -9, -10, 20, 7, 1};
weights_conv[5] = {10, 5, 46, 35, -3, 8, 28, -8, -15, -3, -19, -12, 0, -17, 0, 32, -39, -7, 0, 11, 38, -25, -29, 6, 14, 44, 8, -14, 13, -5, 16, -11, -19, -17, -31, -38, -1, 0, 6, 24, 2, -38, 28, -13, 31, -10, -3, 20, -31, -12, -15, 11, -23, -35, -21, -12, -5, 10, -25, -14, -25, -2, 25, -4, -6, -17, -23, 0, 2, 51, -6, 10, 1, -1};
weights_conv[6] = {2, -25, -6, -6, 12, -20, -18, 70, 4, 4, -30, 7, 0, 4, 0, 23, -9, 9, 0, 11, 22, 7, -4, -30, -11, 29, 9, 5, 15, 38, -29, -29, -18, 32, -18, -13, -5, 0, 8, 4, -19, 28, -21, 4, -2, -9, -24, 10, 17, -33, 31, -28, -7, -6, -8, 23, -107, -6, 27, -11, -23, -1, 47, -68, 7, 33, 1, 0, 0, -5, 11, 12, -12, -15};
weights_conv[7] = {-20, 27, 3, -28, -7, -2, -4, 49, 7, -19, -8, -25, 0, -1, 0, 1, -26, -37, 0, 12, 18, -27, 4, 23, 1, 16, 10, 30, -15, -4, 31, -29, -3, -41, 7, -16, 4, 0, 2, -4, 1, 2, -16, 23, -6, -4, 19, -6, -20, -26, 26, -12, -35, -5, 1, 9, -54, 28, 8, -1, -16, -20, -18, -7, 19, 22, -19, 0, -3, -27, 7, 4, 10, -21};
weights_conv[8] = {24, -35, 2, 8, 9, 20, 3, 24, -22, -4, -13, -15, 0, 21, 0, 2, -9, -15, 0, 9, -2, 36, 9, -4, -7, 6, -38, -28, -22, 2, -29, -3, 7, 10, 22, 10, -13, 0, -11, 7, -11, -17, -6, -1, -8, 11, -6, 9, -9, -5, -7, -16, -15, 16, -3, -3, 17, 1, -13, -12, 14, -21, -32, 9, 0, -7, -19, 0, 0, 2, -13, -6, -10, -17};
weights_conv[9] = {-34, -42, -13, -26, 3, 24, -27, -4, -23, 18, 7, 27, 0, 16, 0, -24, -15, -4, 0, -18, -8, 42, 22, -3, -2, 37, -23, -7, -30, -25, 20, -33, -25, -9, 13, 11, -20, 0, -21, -28, -20, -16, -17, 4, 3, 10, 7, -12, -31, -22, 24, -32, 35, 14, 7, 26, -122, 2, 5, 16, 22, 4, 6, -60, 25, 37, 20, 0, 5, -31, -27, -5, 18, -18};
weights_conv[10] = {-21, -19, -4, 2, -27, 14, 4, 5, 12, 19, 11, -5, 0, -12, 0, -6, -3, 14, 0, -2, 4, 0, 6, -6, -7, 10, 1, 6, -22, 26, 8, 10, -7, 9, -12, -2, -1, 0, 11, -8, -14, -15, 7, -2, -3, 9, 7, -4, -20, 9, -3, -18, -2, 2, 3, -1, 11, 1, -17, 13, -16, -15, -5, 2, -8, 0, 15, 0, 0, 5, -17, 2, 11, 1};
weights_conv[11] = {0, -29, 5, 4, 8, 7, 35, 12, -40, -14, -1, 7, 0, -13, 0, 27, -26, -26, 0, 1, -4, 24, 37, -5, -7, -1, -51, -19, 23, 6, 25, 24, 13, -36, 13, 22, -30, 0, -12, 8, -66, 29, -2, 3, 14, -33, 30, 4, 42, -36, 19, 0, 26, 1, -8, 10, 25, 8, -4, 16, -13, -28, -56, 39, 19, 12, 0, 0, 9, 1, -5, -35, 28, -15};
weights_conv[12] = {3, -31, -7, -3, -2, 1, -3, 30, -15, -32, -11, 8, 0, -3, 0, 37, -22, -15, 0, -3, 4, 43, -5, -31, 12, -1, -12, 19, 23, 23, -27, 26, -20, 52, -3, -18, 10, 0, 7, 0, -18, 3, 4, 15, 5, 0, -17, 24, -21, 6, 13, -36, -39, -10, -9, 11, 30, 21, -9, -15, -13, 7, -2, -13, 2, 10, 12, 0, -10, -28, 9, -3, -7, 4};
weights_conv[13] = {-9, -28, -13, -35, 1, 29, 20, 44, 15, -28, 15, 24, 0, 9, 0, -7, 38, -24, 0, -21, 12, -16, 23, -8, 4, -2, 3, 16, -23, 9, -9, -78, 19, -14, 19, 25, -16, 0, 8, -12, -20, -27, -7, -79, 15, 1, -24, 8, -7, -12, -12, -27, -18, 1, 16, 19, -111, -5, -27, -3, 31, -41, -41, -96, 44, 7, 44, 0, -35, -24, 0, 16, 41, -26};
weights_conv[14] = {1, 0, -6, -15, 9, -75, -20, 13, 13, -8, -13, 4, 0, 2, 0, -6, 17, -9, 0, -20, 29, -12, -52, -15, -42, 5, -25, -6, -1, -3, -1, -10, 9, 10, 5, 8, -1, 0, 2, -20, -6, -4, 11, 7, 15, -9, -9, -9, 6, -19, 72, 2, -5, -6, -34, 11, -3, 2, -8, 13, 25, 13, 19, -9, 10, 44, 10, 0, 8, -13, 1, 5, -3, -5};
weights_conv[15] = {-1, -7, 8, 1, -9, 11, -10, 41, -2, 1, -7, 0, 0, 12, 0, 6, 0, -26, 0, -7, 3, -25, 5, 11, 7, 6, 23, 9, 19, 17, 33, -5, -6, 7, -24, 2, -27, 0, -1, 27, 6, -23, 25, 8, 23, 21, 3, 7, 16, 6, -18, 1, 12, -3, 8, -7, 8, 9, -30, 28, 0, -7, 6, 0, -17, -16, -5, 0, -2, 28, -10, -11, -13, -9};
weights_conv[16] = {0, 0, 0, 0, 0, 0, 0, 0, 0, 0, 0, 0, 0, 0, 0, 0, 0, 0, 0, 0, 0, 0, 0, 0, 0, 0, 0, 0, 0, 0, 0, 0, 0, 0, 0, 0, 0, 0, 0, 0, 0, 0, 0, 0, 0, 0, 0, 0, 0, 0, 0, 0, 0, 0, 0, 0, 0, 0, 0, 0, 0, 0, 0, 0, 0, 0, 0, 0, 0, 0, 0, 0, 0, 0};
weights_conv[17] = {0, -32, 7, -27, 38, 10, 41, 56, 14, -6, 30, -5, 0, -25, 0, 6, -20, -6, 0, 17, 22, 22, -5, -43, -21, -12, -41, -79, -4, 16, -28, 24, -20, 30, 1, 3, 24, 0, -13, -16, -21, -41, -6, -33, -23, 32, 0, 28, 2, 33, -15, -2, -26, -4, -8, 11, -25, 48, -1, 0, 12, -33, 14, -47, -26, -5, -17, 0, 27, -7, 47, 26, -6, -31};
weights_conv[18] = {1, -28, -5, -31, 34, 6, 0, -4, 1, 42, 13, 8, 0, -12, 0, -8, 33, 14, 0, 5, 5, 27, 5, 24, -17, -5, -4, 6, 15, -17, 10, -18, -21, 15, 10, -7, 4, 0, 15, 22, 13, 0, 13, 19, -40, -3, -25, 1, -7, 19, 18, 2, 9, -23, 9, 10, 17, 4, 6, -16, 18, 16, -7, 0, -12, 13, 24, 0, -16, 6, -19, 6, -4, -20};
weights_conv[19] = {-28, 1, -1, 8, -40, 25, -13, 33, 34, 38, -17, 11, 0, 17, 0, -46, -8, 8, 0, 16, 21, 19, 4, 31, -22, -17, -2, 44, -7, 27, -8, -8, 17, 15, 5, 19, 11, 0, 18, 23, 6, -5, -38, -1, -24, -8, -25, -5, 7, 18, 19, -44, -10, -6, 16, 14, -47, -34, -12, -8, -2, 8, 26, -31, -35, 15, 52, 0, 10, -18, 9, -22, -16, -9};
weights_conv[20] = {-30, -43, 3, -7, -5, 13, -12, 38, -9, 22, -2, -15, 0, -6, 0, 13, 11, -23, 0, -3, 17, 4, -2, 31, -15, -13, -24, 45, -5, -13, 36, -10, 2, -34, -2, -20, -1, 0, -3, -10, 6, -4, -3, 4, -18, 14, 36, -34, -10, 6, 23, 7, 3, 0, 9, 12, -3, 0, -7, -18, -13, 16, 9, 3, -5, 21, 10, 0, 8, -29, -24, -17, 8, -22};
weights_conv[21] = {3, -33, -55, -27, 7, -19, 23, 9, 21, -5, -2, 0, 0, -27, 0, -31, -28, 5, 0, -7, 22, 6, -12, 0, 8, 12, -4, 7, -2, -35, 0, -20, 25, -35, -27, -17, 6, 0, 17, 10, 20, -4, -6, -21, -6, -47, -4, -22, -29, -15, 30, 28, -9, 0, -29, 29, -4, 20, 29, -13, -1, 19, -12, -9, 7, 40, 16, 0, -11, -12, -14, -14, 0, -11};
weights_conv[22] = {1, -12, -3, 11, 16, -5, -48, 17, 0, 1, 17, -62, 0, 8, 0, 36, 6, 9, 0, 41, 15, 10, 10, -8, -21, -27, 39, 2, 38, -8, -50, -8, 7, 48, -16, 11, -9, 0, 8, 27, -36, -19, 2, 31, 5, -11, -1, 9, -18, -3, -34, 11, -25, -4, -22, 20, -45, 17, -2, -77, 47, -9, -12, -22, -11, -19, 9, 0, 11, -17, -10, -8, -71, 27};
weights_conv[23] = {-21, -17, 6, -4, -11, 4, 0, 24, -4, 5, 16, -13, 0, 4, 0, 6, 6, 1, 0, 5, 4, -7, 4, -2, 4, -5, -8, 8, -5, 9, 15, 6, 8, -13, -7, 12, -1, 0, -2, -5, -21, 1, 14, 7, 2, 7, -12, -1, -12, 9, 0, -7, -2, 0, 6, -1, 0, 4, -8, -10, 2, -6, -5, 8, -7, 3, 12, 0, -5, 4, 0, 10, 7, -2};
weights_conv[24] = {19, -49, -6, -9, 21, -11, 26, 71, -13, 10, -28, 18, 0, -14, 0, 21, 25, -13, 0, -21, 26, -14, -16, -1, -40, -37, -20, -21, 7, 40, 22, -3, -25, -27, 5, -27, 2, 0, 4, -10, 23, 26, 4, 9, -24, 38, -7, -25, 5, -7, 41, -11, 0, -16, -13, 17, 28, -12, 33, 14, -5, -5, 23, 18, 8, 26, 28, 0, 27, -16, -49, -22, 32, -19};
weights_conv[25] = {1, 2, -15, -10, 5, 3, 8, 5, -23, 14, -29, 32, 0, 18, 0, -21, 3, 15, 0, 5, 40, -2, -11, -10, -23, 11, -17, 5, 36, 11, -1, -29, -73, -24, -40, -24, 8, 0, -42, -10, 1, -21, -8, -11, 7, 3, 21, 16, -22, -21, -34, 13, 12, 12, -1, -22, -11, -16, -21, -5, -36, 10, -6, -37, -10, -35, -64, 0, -3, 15, -27, -36, 3, 5};
weights_conv[26] = {0, 0, 0, 0, 0, 0, 0, 0, 0, 0, 0, 0, 0, 0, 0, 0, 0, 0, 0, 0, 0, 0, 0, 0, 0, 0, 0, 0, 0, 0, 0, 0, 0, 0, 0, 0, 0, 0, 0, 0, 0, 0, 0, 0, 0, 0, 0, 0, 0, 0, 0, 0, 0, 0, 0, 0, 0, 0, 0, 0, 0, 0, 0, 0, 0, 0, 0, 0, 0, 0, 0, 0, 0, 0};
weights_conv[27] = {11, 12, 15, -19, 12, -19, -10, 33, -13, -9, 8, -14, 0, 10, 0, 12, 0, -2, 0, 4, 4, 16, 5, -9, -11, -5, 5, -2, -9, 8, -24, 3, 3, -9, -2, 8, -22, 0, 4, 11, -17, -10, -1, 1, -4, -3, 5, -16, -7, -16, -28, 16, -7, -8, -6, 7, -34, 17, 10, -4, 14, -17, -16, -11, 7, -11, 4, 0, -18, -14, 11, 16, 5, 9};
weights_conv[28] = {-1, 6, 27, -3, 20, 1, 16, 6, 18, -7, 11, -22, 0, -10, 0, -2, -29, 39, 0, 60, 24, -10, 13, 6, 14, 2, -8, -63, -18, -4, -15, 23, 38, -7, -16, 13, 6, 0, 17, 52, 24, 6, 13, -44, 17, -28, 8, -5, 10, -3, 13, -22, -7, -3, -1, 13, 0, 9, -9, -33, 12, -38, 35, 10, -14, 7, 6, 0, -22, -1, -11, 2, -6, 3};
weights_conv[29] = {-62, -69, -45, -19, 5, 23, -12, -1, 21, -6, 35, 9, 0, 2, 0, -17, -8, -8, 0, 3, 18, -2, 7, 8, -5, 8, -6, 22, 3, 3, -6, 1, 9, 19, 1, 0, 40, 0, -6, -14, 6, -1, -14, -20, 9, -2, -9, -11, -17, -20, 18, -8, -1, -5, -17, 12, 2, -11, 9, -21, 5, 1, -2, -1, 14, 15, 3, 0, -14, -9, -27, 14, 14, 14};
weights_conv[30] = {-22, 41, 49, 3, 25, -45, 15, -15, 13, 0, -17, 19, 0, -23, 0, 26, -46, -12, 0, 22, 10, -7, 19, 13, -18, -33, 47, -10, 8, 36, 30, -54, -36, 14, -24, -39, -32, 0, -3, -23, -1, -2, -32, 25, 16, -19, 10, 1, -14, 15, -33, -23, -5, -27, -10, -9, -45, 20, 26, 6, -21, 11, 24, 5, -45, -21, -13, 0, 15, 1, 14, -1, -46, -20};
weights_conv[31] = {0, 0, 0, 0, 0, 0, 0, 0, 0, 0, 0, 0, 0, 0, 0, 0, 0, 0, 0, 0, 0, 0, 0, 0, 0, 0, 0, 0, 0, 0, 0, 0, 0, 0, 0, 0, 0, 0, 0, 0, 0, 0, 0, 0, 0, 0, 0, 0, 0, 0, 0, 0, 0, 0, 0, 0, 0, 0, 0, 0, 0, 0, 0, 0, 0, 0, 0, 0, 0, 0, 0, 0, 0, 0};
weights_conv[32] = {-1, -30, -7, -11, -12, 4, -26, 26, 11, -5, 6, 5, 0, -24, 0, -11, -19, -17, 0, -17, 23, 31, 7, 9, 16, -20, -29, -31, 32, 6, 19, -2, -16, 9, -16, -12, 10, 0, 3, -6, -7, 22, 14, 12, -8, -26, -6, -1, -5, 29, 13, -17, -27, 0, -12, 3, -9, -12, 8, 22, 9, -1, 20, 11, -22, 12, 10, 0, -21, 6, 2, 20, -13, 5};
weights_conv[33] = {0, 47, 20, 5, -9, 11, 3, 10, -8, 40, -13, 16, 0, -17, 0, -8, -8, -12, 0, 23, 19, -16, 4, 17, 5, -33, -10, 22, -3, 33, 17, 4, -15, -9, -8, 10, -8, 0, -9, 3, 14, -32, -20, 13, 2, -33, -6, 17, -7, 19, 13, -22, -1, -33, 6, 10, 8, -4, 5, 9, 21, 1, 7, -1, -31, 10, -3, 0, 6, -6, -2, 5, 1, -8};
weights_conv[34] = {-59, -46, -5, 7, -10, 5, 12, -6, 9, 2, -10, 15, 0, 7, 0, -17, 1, 10, 0, -2, -12, -5, 2, -4, -1, -10, 13, -13, 4, 14, 17, -1, -13, 19, 31, 13, 29, 0, -12, -20, 13, 11, 3, -6, -2, 10, -13, -6, 20, -3, -15, 30, -6, -1, 1, -4, 5, -22, -22, 5, -18, 8, -2, -7, 3, -5, -13, 0, -3, 0, -18, -1, -16, 9};
weights_conv[35] = {1, 4, -11, 11, -4, -111, -17, 3, 24, 3, -16, 0, 0, 11, 0, -15, -24, -11, 0, -34, 26, -5, -67, -20, -52, -12, -28, 2, 3, -13, 11, -5, 3, -11, 23, 10, -8, 0, 6, -24, -7, -1, 3, -3, 8, 4, -22, 7, 1, 8, 78, -34, 15, -5, -43, 17, -20, 14, -15, -13, 37, -2, -8, -16, 11, 52, 4, 0, 11, -19, 30, 5, -1, -6};
weights_conv[36] = {0, -17, 5, -16, -8, -54, -5, 29, 21, -24, -11, 8, 0, 2, 0, 2, 7, -28, 0, -10, 20, 15, -48, -22, -54, -13, -14, -7, 13, 12, -14, 7, 0, 15, 14, -29, 21, 0, 6, -35, -3, 3, 15, -7, 11, -5, -10, -1, -2, 12, 45, 1, -15, -30, -26, 0, 39, 0, -36, 4, 4, -14, -34, 45, 11, 34, 12, 0, -13, -17, -1, 15, -14, 18};
weights_conv[37] = {-34, -54, -22, -5, -4, 13, 1, -15, 8, 23, 8, 16, 0, 3, 0, -14, -16, 6, 0, 44, 13, 1, -4, -10, 18, -10, -5, -1, 23, 30, 23, 7, 6, 3, 2, 18, 6, 0, -7, 8, 7, -3, -69, 27, 28, -25, -42, 25, 15, 9, 19, -10, -26, 5, -29, 17, 20, -5, -21, 31, -28, -1, -8, -9, -37, 27, 13, 0, -5, 20, 3, -9, 2, -39};
weights_conv[38] = {61, -62, -24, -40, -21, 9, -58, 27, -4, -26, 9, -8, 0, -4, 0, -36, 30, 7, 0, -21, 1, -15, -12, 11, 32, 16, -4, 6, -1, 0, 15, -20, 11, 20, 13, 30, -21, 0, -22, -10, 28, 19, -5, 15, 7, 3, -8, -13, 14, -32, 7, -18, 10, 18, 43, 7, -30, 13, 2, -8, 42, -10, 6, -1, -1, 20, 20, 0, -19, -2, 6, -2, -12, 6};
weights_conv[39] = {2, 23, -19, 0, 3, 5, -5, -9, 4, 30, -8, 22, 0, 1, 0, 8, 12, -4, 0, -15, 14, 20, -6, -1, -25, -26, -5, 9, 0, 4, 9, 4, -6, -38, -15, -9, -1, 0, -14, 0, -3, -1, -7, 9, -20, 18, -6, -36, -8, 27, 33, -24, 33, 4, -15, 11, -4, -11, -7, 15, 5, 22, 7, -4, 3, 28, 47, 0, 24, -13, 10, -2, 24, 6};
weights_conv[40] = {1, 0, -1, 24, 6, 8, -3, 33, 15, -15, -9, -20, 0, -17, 0, 8, 8, 23, 0, -32, 4, -1, 22, -2, 0, -17, 25, -18, 1, -30, 31, -6, 6, 35, 8, 10, 3, 0, 19, 10, -27, -1, -10, -8, -20, -38, -8, -23, -2, 34, 7, -6, 6, -34, 1, 8, 26, 4, -5, -6, 2, 22, -11, 1, -7, 8, 9, 0, -25, -1, 6, -5, 10, -21};
weights_conv[41] = {15, 5, 9, -6, -22, -12, 16, 15, -9, -13, -14, 2, 0, 8, 0, 20, 32, -13, 0, -11, 1, 27, 4, -22, 7, -10, -12, 12, 10, -26, -19, -3, -12, -5, 2, 18, 3, 0, -11, 5, -3, -23, 15, -48, -11, 9, 31, 9, 4, -21, -14, -4, 1, -18, -11, -3, 19, 9, -9, 5, 1, -3, -18, 15, 12, -11, -23, 0, 17, 11, -3, 28, -2, 7};
weights_conv[42] = {10, -15, -3, 18, -14, 12, -4, 31, 17, -23, -31, 10, 0, 34, 0, 16, 25, -4, 0, -26, 1, 10, 13, -14, -3, -11, -27, -14, 4, 19, 22, 5, -9, -9, 8, -18, -7, 0, 5, -6, -19, 17, 1, 11, -4, 21, 18, -27, 11, -14, -17, 17, -24, 30, 19, 0, 7, -34, 9, -13, -1, 14, -18, -11, 22, -14, 23, 0, 14, -14, -23, -13, 9, -20};
weights_conv[43] = {-19, -40, -4, 4, -31, 8, 1, -3, 2, -2, 26, -6, 0, -11, 0, -17, 13, -12, 0, 5, 4, -2, 3, 16, -4, -16, 20, 3, 15, 13, 24, -10, -6, -1, 10, 1, -9, 0, -10, -4, 27, -6, -3, -6, -13, 0, -2, -9, -16, 7, 5, -4, 3, 5, 1, 3, 0, 17, -4, -7, -15, 14, 9, -2, -4, 4, 4, 0, 3, 16, -1, 2, -12, -10};
weights_conv[44] = {0, -9, 20, -13, 8, -1, -22, 8, -15, -28, -9, 1, 0, -20, 0, 36, 4, -11, 0, 8, 11, -37, 1, 14, 8, 5, 14, -1, -9, 3, 37, -6, 11, -6, 11, -12, -20, 0, -6, -14, 0, 0, 23, -12, -11, -25, 22, -4, -14, -12, -8, -7, -24, -11, -12, -3, 27, 8, -24, -18, 20, 7, 23, -13, 27, -3, -5, 0, -7, -10, -27, -15, 23, 0};
weights_conv[45] = {-3, -80, -18, 13, -7, 1, -33, 3, -13, 6, -8, 17, 0, 32, 0, -13, 31, 7, 0, 8, -20, -48, -11, -12, 36, 35, -29, -14, 66, -1, 9, 29, -33, 11, -12, -14, 45, 0, -1, 7, -6, 22, 44, 5, 13, 7, -28, 5, -67, -40, 18, 3, 5, 113, 62, -6, 5, -27, 0, -9, -22, -59, 13, -26, 0, 9, 8, 0, -6, 48, -29, -42, 10, 22};
weights_conv[46] = {1, 2, 11, 19, -24, -11, -20, 3, 5, -17, -13, 4, 0, -9, 0, -10, -24, -7, 0, -9, -10, -23, -2, -21, 5, -36, 6, 19, 13, 8, -6, -1, -9, 6, -13, -11, 2, 0, 22, -1, 2, 3, 9, 1, -6, 32, -25, 6, 8, -22, -16, 17, -9, 1, -6, -3, -17, -6, 9, 17, -20, -13, -6, -15, -16, -6, 21, 0, 10, -10, 6, 3, -22, -6};
weights_conv[47] = {-1, -73, 10, -8, -17, -3, -7, -4, -11, -9, 16, 4, 0, 8, 0, -2, -10, -28, 0, -27, 2, 4, -17, -36, -10, 16, -26, 10, 11, 23, 3, 8, -16, 7, -15, 2, 2, 0, -13, -9, -22, 0, -17, -4, -7, 4, -6, -1, 20, -2, -9, -17, 2, 0, -2, -4, 2, 14, -3, -20, 27, 23, -6, 6, 11, -3, -9, 0, -5, -3, -8, 10, 4, 6};
weights_conv[48] = {-1, -2, -7, -12, 0, -51, 2, 10, 10, -2, -4, 1, 0, -9, 0, -17, -14, -9, 0, -14, 29, -3, -48, -14, -47, -6, -10, 4, 9, -5, 1, 17, 15, -4, -12, 8, -3, 0, -3, -13, -6, -3, 0, -9, 0, 9, -9, -10, 7, 10, 58, -6, 5, -15, -32, 10, -3, -7, -2, 0, 32, -8, 1, -3, 17, 43, -4, 0, 3, 10, 6, -3, -3, -4};
weights_conv[49] = {-31, -44, -38, -17, 31, 17, 22, -5, 18, -2, -21, 3, 0, -32, 0, -33, -7, -58, 0, 14, 13, 15, 30, 21, 24, 4, 17, 2, -48, 49, 22, -25, 23, 8, 1, 30, -33, 0, -9, 16, 18, 4, -41, 0, 6, 7, -12, -29, 18, 4, 28, -10, 2, -6, 18, 9, -15, -4, -33, 25, 28, 8, -2, -23, 35, 29, 3, 0, 18, 12, 7, -24, -7, -17};
weights_conv[50] = {-32, -73, -3, 22, -14, -3, -10, 1, 24, -7, 42, -21, 0, -6, 0, 1, 1, 27, 0, 10, 13, -23, 0, -12, -14, -4, 2, -8, -11, -22, -17, 7, 17, -11, -5, 13, 5, 0, 4, 16, 4, 1, 6, 4, -13, 11, -25, 5, -24, -14, 18, -11, 15, 9, 7, 6, 1, 10, 4, 7, 31, -4, 10, 35, -9, 12, 19, 0, 0, -3, -22, 15, -12, 8};
weights_conv[51] = {0, -47, 8, 19, 66, -14, 15, 42, -14, -9, 15, 4, 0, 8, 0, -12, -3, -8, 0, 12, -1, 17, 22, -6, -9, -74, -35, -39, 30, -25, 21, -21, 5, 43, -9, -8, -17, 0, 13, -18, 1, 30, 14, 3, -19, -9, -18, -46, 12, -16, -23, -22, -15, -33, 17, 0, -72, 17, -20, 28, -8, -30, 4, -28, -12, -20, -12, 0, -22, -37, -14, 13, -19, -27};
weights_conv[52] = {-9, 30, 33, 13, 27, 23, -27, -2, -9, 24, 10, 34, 0, -22, 0, 27, 4, 5, 0, 20, 10, 31, 11, 15, -13, -39, -2, 23, 17, 5, 26, -8, -34, 10, 13, -18, 3, 0, -2, 18, 6, 5, 17, 43, -14, -36, -31, 6, 0, 48, 17, -15, -47, -48, 5, 1, 14, -17, -15, -13, 10, 1, -14, -9, -27, 12, 31, 0, 11, 16, -3, 14, 8, -15};
weights_conv[53] = {-33, -2, -14, 9, -9, -14, 7, -2, 3, -1, 8, -5, 0, -1, 0, -22, -9, -7, 0, 10, 12, 3, -3, -2, 0, -14, -6, 9, 6, 7, 12, 2, -8, -13, -8, -14, -11, 0, -9, 14, 8, 8, -3, 18, 6, -27, 6, 24, -5, -1, 4, -26, -2, -6, 2, -2, -7, 7, 14, 17, 17, -7, -2, -4, -10, 4, -2, 0, 0, 5, -12, -1, -7, -18};
weights_conv[54] = {0, -3, 20, 11, 11, 1, 17, -5, -11, 32, -18, 0, 0, 18, 0, -15, -28, 0, 0, -12, -10, 2, 1, -11, 0, -15, 3, -8, 36, 18, 14, -9, -21, -1, 11, 4, -22, 0, -20, -7, -10, -16, 0, -19, 26, -20, 26, -18, 16, -24, -14, 7, 3, -2, 13, -19, -18, -10, 16, 20, -18, 9, -16, -31, 5, -16, -10, 0, 9, 26, -13, -33, 22, -11};
weights_conv[55] = {0, -41, -1, -14, 2, 3, 29, -16, 44, -36, 6, 24, 0, -32, 0, 18, 71, -23, 0, -5, -2, -1, -11, -15, 26, -23, 12, -24, -14, 6, 0, 15, -17, -2, 21, 8, 28, 0, 11, -24, 10, 20, 19, -64, -11, -1, -38, 74, 8, 26, 1, 18, 2, -9, 1, 10, 55, 0, -58, -29, 22, 13, -35, -10, -9, 14, 47, 0, 6, -8, 7, 6, 8, -16};
weights_conv[56] = {6, 111, 42, 20, -1, 3, 32, 0, 11, 52, -13, 24, 0, -11, 0, -7, 7, 13, 0, 2, -11, 28, 18, -9, 8, -38, -1, -5, 19, 10, 16, 32, -12, -2, 15, 24, 12, 0, -20, 12, -24, 8, 30, 21, -12, 4, 3, -21, -23, 22, -8, -6, 17, -13, 3, -2, -16, -1, 8, 12, 9, 32, 9, -17, -26, -7, 3, 0, -21, 42, -7, 4, -22, 1};
weights_conv[57] = {-33, -26, 23, 18, -18, -1, -3, 11, 22, 0, -15, -4, 0, 6, 0, -7, -18, 4, 0, -8, -16, 26, 33, -1, 9, -14, -4, -21, -7, 9, 31, 19, 2, -3, 10, 20, -6, 0, -8, -15, -9, 11, -14, 0, 3, -51, -19, -11, 9, 10, -29, -17, -2, 20, 24, -6, -18, -19, -6, 15, -8, 20, -6, 4, -1, -17, -26, 0, 10, 5, -2, -19, -18, -21};
weights_conv[58] = {-18, -14, -8, -3, 4, 3, 9, -20, 5, -12, -16, 11, 0, -17, 0, -10, 0, 3, 0, 12, -9, -5, 6, -2, 11, 13, 10, -5, -10, 14, 12, -14, 3, 16, 8, 11, -2, 0, -8, 12, 18, -6, 2, -13, 16, 12, -10, -11, 0, -1, -8, 10, -15, -2, 4, -1, -9, -11, -28, 13, 14, 1, -9, -8, 11, -7, -13, 0, 5, 7, -4, -9, -4, -1};
weights_conv[59] = {6, 70, -2, -6, 21, 0, -9, -20, 3, 30, 0, 13, 0, -10, 0, 0, 28, 14, 0, 0, 1, -5, 16, -8, 7, -2, 5, -21, 4, -9, 33, 11, 4, 12, 15, -11, -11, 0, -16, -3, -5, -7, -3, 20, -2, -16, -16, 22, -13, 32, -18, -3, -13, -4, 6, -6, 8, 9, -13, 7, 21, 11, 2, -9, 22, -14, -20, 0, 4, 6, -28, 6, 8, -17};
weights_conv[60] = {-2, -27, -6, 21, -18, 24, 34, -11, -4, 30, -40, 16, 0, 67, 0, -5, -30, 17, 0, 51, 9, 6, 20, -14, 12, -27, -16, 1, 18, 29, 13, 17, -20, -8, 10, 30, 13, 0, -48, 21, 21, -19, 3, 39, 46, 17, -7, -24, 7, 8, -5, -6, -41, 43, 11, -5, 14, -25, 21, 54, -5, -22, -38, -31, -23, -14, 6, 0, -12, 47, -17, -17, 32, -63};
weights_conv[61] = {-21, 48, 15, 5, -15, -12, -21, -5, -19, -3, -4, 24, 0, 5, 0, 19, 16, 1, 0, 8, 8, -29, -2, 3, -9, 12, -17, 17, -4, -17, 4, -15, -20, -26, -13, -9, -15, 0, -10, 11, -18, -8, -2, 15, -3, 14, 10, 27, -5, -7, -27, 15, 0, -4, -3, -8, -6, 1, -8, 3, -51, -14, 6, 1, -1, -28, -28, 0, -7, -5, -4, -1, 9, -5};
weights_conv[62] = {43, -29, -6, 12, -6, -1, -10, 6, -7, -16, -9, -2, 0, 1, 0, 0, -3, 14, 0, -7, -3, -8, 0, -1, -3, 10, 7, -2, 2, 12, -17, -4, 3, 14, -8, 0, 3, 0, 2, 3, -17, 2, -5, -4, -11, 8, -4, 13, 4, -18, -8, 9, -18, 24, 5, 1, -13, -25, 17, 2, -21, 0, 1, -1, 0, -3, -2, 0, 0, 3, -10, -14, 0, 5};
weights_conv[63] = {6, -63, -13, -20, 3, 10, 3, -1, -13, 25, 25, -23, 0, -3, 0, -3, -1, 34, 0, -7, 0, 25, -7, 35, -2, 18, 1, -10, -5, -24, 37, -14, -16, 3, 16, -9, -12, 0, 1, -1, -5, -11, 13, -5, -16, -8, 1, -13, 0, 15, -2, 1, 5, 0, -12, -7, 8, 11, 6, -29, 1, 17, -10, -12, 0, 0, -2, 0, -1, -15, -15, 14, 7, -20};
weights_conv[64] = {47, -40, -3, 6, -17, -3, -19, 6, -5, 10, 8, 9, 0, 3, 0, -8, 7, -13, 0, -2, 9, -26, -7, -3, -7, -13, -5, 13, 9, -28, -3, 8, -6, -21, -4, -17, 2, 0, -5, 6, -11, -6, -13, -8, 13, -2, -5, -1, -6, -7, 5, -11, -4, -13, 9, 3, 3, -9, 4, -6, -6, 3, -18, 7, 6, 12, 10, 0, -9, -6, -12, 10, 1, 8};
weights_conv[65] = {0, 0, 0, 0, 0, 0, 0, 0, 0, 0, 0, 0, 0, 0, 0, 0, 0, 0, 0, 0, 0, 0, 0, 0, 0, 0, 0, 0, 0, 0, 0, 0, 0, 0, 0, 0, 0, 0, 0, 0, 0, 0, 0, 0, 0, 0, 0, 0, 0, 0, 0, 0, 0, 0, 0, 0, 0, 0, 0, 0, 0, 0, 0, 0, 0, 0, 0, 0, 0, 0, 0, 0, 0, 0};
weights_conv[66] = {-32, 9, -16, -14, -18, -6, -19, 8, 16, -21, 6, -20, 0, 9, 0, -2, 10, 17, 0, -8, -3, -1, 1, -10, 22, 7, -7, -18, -17, 9, -17, -4, 4, 12, 6, -12, -1, 0, -9, -3, 5, 28, 10, -13, -16, -15, 7, -1, -9, -11, -12, 14, -8, 13, 1, -9, -5, 0, 5, -9, 6, 8, 1, -4, 1, -9, 6, 0, 2, 5, -11, -8, -5, -4};
weights_conv[67] = {1, 69, -13, -6, -14, 10, -15, 11, 4, 13, 13, -4, 0, -3, 0, -2, 19, -10, 0, 10, 14, 3, -3, 8, 2, -13, -3, 13, 4, 11, 22, -11, 12, 0, 5, 3, 4, 0, 4, -12, 20, 8, 21, 7, -21, -6, -18, 14, -1, 4, 12, 2, -4, -4, -3, -2, 10, 7, 0, -2, 20, 7, 10, -3, 4, 1, -4, 0, -15, -17, 10, 12, 15, -2};
weights_conv[68] = {1, -28, 1, 8, -18, 14, -12, 10, -22, 15, -24, 27, 0, 10, 0, 10, 9, -10, 0, 2, -15, -15, -6, 21, -12, 4, -33, 12, 17, -14, 5, 8, 2, -14, -9, 6, -15, 0, 3, 19, -19, 2, -2, 4, -3, -17, 27, -6, 2, -2, -16, -9, -8, 6, 1, -10, 4, -12, 16, 5, -12, -25, -8, -3, -2, -15, -16, 0, -2, -2, -3, -46, 39, -10};
weights_conv[69] = {-1, -20, -10, -14, -30, 5, 24, 8, -15, 45, 12, -1, 0, 0, 0, -11, 11, -5, 0, -25, -3, 14, 1, 30, -14, -8, 7, 2, 37, 0, 10, -19, -19, -2, 6, 19, -13, 0, -1, 8, -21, 7, 3, 32, -19, -7, -8, 3, -19, -13, 13, -18, -14, -23, 1, 7, -20, 3, -1, -16, 10, 12, -13, -21, -13, 10, 4, 0, -18, 14, -1, -5, 27, -33};
weights_conv[70] = {-1, 23, 5, 3, 12, 4, 8, 3, 15, -12, -2, -5, 0, 19, 0, 9, 0, 2, 0, -3, -5, 7, 1, -5, 16, -23, -9, -16, -21, 10, -9, 2, -1, -7, 1, 2, 0, 0, -5, 1, 15, -2, -8, 13, -1, -6, -2, 14, 5, -16, -17, -15, 3, -5, 12, 0, -9, -5, 16, 10, -10, -1, -5, -15, -14, -11, 3, 0, 6, 0, 12, 14, -7, -6};
weights_conv[71] = {7, -38, 6, -4, 15, 0, 15, 7, 47, -18, -8, -7, 0, 9, 0, 33, -17, 8, 0, 38, 2, 1, 12, -8, 14, -34, -19, -26, 14, 38, -5, -3, -33, 10, -3, -11, 29, 0, 29, -13, 5, 10, 9, -20, 7, -11, 14, -22, 17, 11, -43, 8, -10, -19, 21, -4, 12, 3, -26, -5, -13, -23, 15, 13, -7, -30, 23, 0, 25, -16, -2, -1, -2, -19};

Bias (8 bit):
bias_conv = {-1384, -1216, -210, 420, -2764, -14, 0, 1200, -531, -289, 1062, -3124, -1723, -773, -108, -4855, -1945, -543, 257, -2957, -477, -686, -1786, -43, 142, 215, -871, 143, -1252, -872, -581, -1767, -1315, -821, -1052, -312, 1302, -1361, -1420, -785, 0, -697, -418, -1444, -335, 0, 1702, -2592, -1136, 462, 1920, -1440, -1680, -2643, -1944, 0, -3274, 192, 2159, -1090, -8, -860, 1120, -142, 1021, -93, -835, 186, -1118, 1232, 0, -1360};
Input range (8 bit):
 [-8, -7, -6, -5, -4, -3, -2, -1, 0, 1, 2, 3, 4]
Output range (8 bit):
 [-164, -144, -123, -103, -82, -62, -41, -21, 0, 21, 41, 62, 82]
