Input scale (32 bit):
 206399008
Input zero point:
 128
Weight scale (32 bit):
 31766048
Weight zero point:
 124
Output scale (32 bit):
 430676288
Output zero point:
 115
M scale (32 bit):
 15223686
Weight (8 bit):
weights_conv[0] = {0, 0, 0, 0, 0, 0, 0, 0, 0, 0, 0, 0, 0, 0, 0, 0, 0, 0, 0, 0, 0, 0, 0, 0, 0, 0, 0, 0, 0, 0, 0, 0, 0, 0, 0, 0, 0, 0, 0, 0, 0, 0, 0, 0, 0, 0, 0, 0, 0, 0, 0, 0, 0, 0, 0, 0, 0, 0, 0, 0, 0, 0, 0, 0, 0, 0, 0, 0, 0, 0, 0, 0};
weights_conv[1] = {0, 0, 0, 0, 0, 0, 0, 0, 0, 0, 0, 0, 0, 0, 0, 0, 0, 0, 0, 0, 0, 0, 0, 0, 0, 0, 0, 0, 0, 0, 0, 0, 0, 0, 0, 0, 0, 0, 0, 0, 0, 0, 0, 0, 0, 0, 0, 0, 0, 0, 0, 0, 0, 0, 0, 0, 0, 0, 0, 0, 0, 0, 0, 0, 0, 0, 0, 0, 0, 0, 0, 0};
weights_conv[2] = {-11, 38, 44, -39, -54, 34, 0, 36, 5, 47, 66, 23, -5, 29, 7, 13, -6, -24, 33, -16, 8, 3, -12, -74, 33, 29, 6, -12, 31, -4, 19, -2, 9, 19, 37, 7, -116, 50, -40, -7, 0, 35, 49, -25, 19, 0, -27, 24, -18, 18, -42, -3, -8, 0, -6, 0, 28, -90, -1, -21, 17, -13, 13, 39, -24, -1, 9, 49, -10, -55, 0, 12};
weights_conv[3] = {0, 0, 0, 0, 0, 0, 0, 0, 0, 0, 0, 0, 0, 0, 0, 0, 0, 0, 0, 0, 0, 0, 0, 0, 0, 0, 0, 0, 0, 0, 0, 0, 0, 0, 0, 0, 0, 0, 0, 0, 0, 0, 0, 0, 0, 0, 0, 0, 0, 0, 0, 0, 0, 0, 0, 0, 0, 0, 0, 0, 0, 0, 0, 0, 0, 0, 0, 0, 0, 0, 0, 0};
weights_conv[4] = {0, 0, 0, 0, 0, 0, 0, 0, 0, 0, 0, 0, 0, 0, 0, 0, 0, 0, 0, 0, 0, 0, 0, 0, 0, 0, 0, 0, 0, 0, 0, 0, 0, 0, 0, 0, 0, 0, 0, 0, 0, 0, 0, 0, 0, 0, 0, 0, 0, 0, 0, 0, 0, 0, 0, 0, 0, 0, 0, 0, 0, 0, 0, 0, 0, 0, 0, 0, 0, 0, 0, 0};
weights_conv[5] = {0, 0, 0, 0, 0, 0, 0, 0, 0, 0, 0, 0, 0, 0, 0, 0, 0, 0, 0, 0, 0, 0, -1, 0, 0, 0, 0, 0, 0, 0, 0, 0, 0, -1, -1, 1, 1, 0, 0, 0, 0, 0, 0, -1, 0, 0, 0, 0, 0, 0, 0, 0, 0, 0, 0, 0, 0, 1, -1, 0, 0, 0, 0, 0, 0, 0, 0, 0, 0, 0, 0, -1};
weights_conv[6] = {8, 3, 26, 9, -16, 5, 0, -12, 20, 14, 14, 61, -11, 24, -31, -67, -29, 6, 43, -83, 9, 8, 37, -8, 6, -3, -22, 42, 32, 15, -22, -5, 50, -36, 70, -6, -10, 39, -36, 49, 0, -13, 20, 6, 14, 0, -15, 57, -8, 15, -123, 57, -11, -48, 9, 0, -10, -17, 8, -2, -7, -12, -2, 7, 19, 13, 26, 4, -82, -16, 0, 15};
weights_conv[7] = {0, 0, 0, 0, 0, 0, 0, 0, 0, 0, 0, 0, 0, 0, 0, 0, 0, 0, 0, 0, 0, 0, 0, 0, 0, 0, 0, 0, 0, 0, 0, 0, 0, 0, 0, 0, 0, 0, 0, 0, 0, 0, 0, 0, 0, 0, 0, 0, 0, 0, 0, 0, 0, 0, 0, 0, 0, 0, 0, 0, 0, 0, 0, 0, 0, 0, 0, 0, 0, 0, 0, 0};
weights_conv[8] = {-41, 3, 54, -14, 8, 49, 0, -31, 53, 33, 34, 46, 48, -15, 43, 67, 29, 47, 48, 23, 3, -10, 3, 25, -15, 37, 9, -28, -9, -62, 28, -17, -63, -15, 32, -29, 35, 45, 23, -22, 0, -4, 38, -3, -5, 0, 8, -51, -30, -9, -49, -65, -10, 67, 21, 0, -71, 16, 37, -33, 11, 6, 4, 0, -18, -11, -11, -15, 70, -49, 0, -21};
weights_conv[9] = {0, 0, 0, 0, 0, 0, 0, 0, 0, 0, 0, 0, 0, 0, 0, 0, 0, 0, 0, 0, 0, 0, 0, 0, 0, 0, 0, 0, 0, 0, 0, 0, 0, 0, 0, 0, 0, 0, 0, 0, 0, 0, 0, 0, 0, 0, 0, 0, 0, 0, 0, 0, 0, 0, 0, 0, 0, 0, 0, 0, 0, 0, 0, 0, 0, 0, 0, 0, 0, 0, 0, 0};
weights_conv[10] = {-34, -7, 21, -16, -11, -9, 0, -9, -10, -21, -29, 3, -11, 20, -12, -11, 1, -26, 15, 6, -30, -27, 20, 6, 1, -31, 74, -3, -2, 11, 8, 28, 6, -7, 7, -8, 4, 12, 2, -10, 0, -21, 9, -2, -11, 0, -5, 13, 23, -12, -33, 12, 9, -24, -20, 0, 2, 8, 6, -12, -19, 5, 6, 5, -2, -24, 26, -3, -9, -12, 0, -18};
weights_conv[11] = {51, 0, -12, 8, 5, 5, 0, 16, -5, 26, 29, 58, 0, 26, -18, -4, -5, -43, -14, -24, 16, 26, 19, -3, 5, 51, -18, -14, 29, -36, -4, 12, -21, 6, 23, -46, -17, 36, -32, 12, 0, -12, -10, 15, -12, 0, -10, -60, 3, -9, -10, -52, 11, 17, 25, 0, -7, -15, 13, -1, -48, -15, 37, 19, -62, 17, -19, 7, -40, 2, 0, 21};
weights_conv[12] = {0, 0, -24, -7, 2, -2, 0, 23, -40, -16, -19, -3, -14, -16, 4, -34, 66, 6, 11, 29, -22, 3, 17, -11, 16, 22, 4, 7, 3, 51, -49, -25, 67, 31, -24, -67, -2, 7, 46, -9, 0, 2, -14, -31, -28, 0, 3, 4, 25, -19, -21, 87, 109, -16, -36, 0, 3, -15, 17, -19, -18, 18, 27, -66, 51, -18, -9, -5, -44, -11, 0, -25};
weights_conv[13] = {0, 0, 0, 0, 0, 0, 0, 0, 0, 0, 0, 0, 0, 0, 0, 0, 0, 0, 0, 0, 0, 0, 0, 0, 0, 0, 0, 0, 0, 0, 0, 0, 0, 0, 0, 0, 0, 0, 0, 0, 0, 0, 0, 0, 0, 0, 0, 0, 0, 0, 0, 0, 0, 0, 0, 0, 0, 0, 0, 0, 0, 0, 0, 0, 0, 0, 0, 0, 0, 0, 0, 0};
weights_conv[14] = {-44, -58, -2, 30, 7, -29, 0, 11, -9, 12, -25, -22, -51, -58, -52, 5, -17, -21, 30, -27, 10, 15, -25, 118, 30, 4, 10, 8, -10, -70, -73, -40, 25, 21, 7, 98, 130, 8, -2, 33, 0, -55, 25, 9, -81, 0, -19, 33, 2, -103, -6, -5, -7, -29, -5, 0, -3, 85, -57, -8, -8, -39, -3, -113, -5, 19, 14, 5, 28, -39, 0, -5};
weights_conv[15] = {-3, -2, 5, -2, -3, -2, 0, 3, 2, -1, 1, 2, 0, -3, -4, 0, 1, 2, 1, 3, 0, -1, -3, 7, 2, -2, 1, -3, 2, -4, 1, 0, 5, -1, 4, 8, 9, -1, 2, 2, 0, 2, 2, -3, -3, 0, 2, 2, -1, 0, -2, 3, 4, 0, 5, 0, 5, 7, 2, 1, -1, -2, 0, -4, 2, 2, 2, 3, 3, 0, 0, -1};
weights_conv[16] = {0, 0, 0, 0, 0, 0, 0, 0, 0, 0, 0, 0, 0, 0, 0, 0, 0, 0, 0, 0, 0, 0, 0, 0, 0, 0, 0, 0, 0, 0, 0, 0, 0, 0, 0, 0, 0, 0, 0, 0, 0, 0, 0, 0, 0, 0, 0, 0, 0, 0, 0, 0, 0, 0, 0, 0, 0, 0, 0, 0, 0, 0, 0, 0, 0, 0, 0, 0, 0, 0, 0, 0};
weights_conv[17] = {51, -1, 0, -55, 7, -15, 0, -4, -4, -16, -38, -39, -13, -2, 5, -31, 62, -54, 19, -41, -12, -11, 9, 3, -23, -9, -59, 4, 12, 19, 19, 17, -28, -17, -7, 9, 1, 10, 17, 4, 0, -41, -25, 8, -8, 0, -38, 7, 26, -15, 0, -16, -59, -12, 19, 0, -13, 0, 20, 9, -24, -1, 0, 31, -13, -35, -82, -7, -2, -6, 0, 23};
weights_conv[18] = {0, 0, 0, 0, 0, 0, 0, 0, 0, 0, 0, 0, 0, 0, 0, 0, 0, 0, 0, 0, 0, 0, 0, 0, 0, 0, 0, 0, 0, 0, 0, 0, 0, 0, 0, 0, 0, 0, 0, 0, 0, 0, 0, 0, 0, 0, 0, 0, 0, 0, 0, 0, 0, 0, 0, 0, 0, 0, 0, 0, 0, 0, 0, 0, 0, 0, 0, 0, 0, 0, 0, 0};
weights_conv[19] = {0, 0, 0, 0, 0, 0, 0, 0, 0, 0, 0, 0, 0, 0, 0, 0, 0, 0, 0, 0, 0, 0, 0, 0, 0, 0, 0, 0, 0, 0, 0, 0, 0, 0, 0, 0, 0, 0, 0, 0, 0, 0, 0, 0, 0, 0, 0, 0, 0, 0, 0, 0, 0, 0, 0, 0, 0, 0, 0, 0, 0, 0, 0, 0, 0, 0, 0, 0, 0, 0, 0, 0};
weights_conv[20] = {0, 0, 0, 0, 0, 0, 0, 0, 0, 0, 0, 0, 0, 0, 0, 0, 0, 0, 0, 0, 0, 0, 0, 0, 0, 0, 0, 0, 0, 0, 0, 0, 0, 0, 0, 0, 0, 0, 0, 0, 0, 0, 0, 0, 0, 0, 0, 0, 0, 0, 0, 0, 0, 0, 0, 0, 0, 0, 0, 0, 0, 0, 0, 0, 0, 0, 0, 0, 0, 0, 0, 0};
weights_conv[21] = {0, 0, 0, 0, 0, 0, 0, 0, 0, 0, 0, 0, 0, 0, 0, 0, 0, 0, 0, 0, 0, 0, 0, 0, 0, 0, 0, 0, 0, 0, 0, 0, 0, 0, 0, 0, 0, 0, 0, 0, 0, 0, 0, 0, 0, 0, 0, 0, 0, 0, 0, 0, 0, 0, 0, 0, 0, 0, 0, 0, 0, 0, 0, 0, 0, 0, 0, 0, 0, 0, 0, 0};
weights_conv[22] = {0, 0, 0, 0, 0, 0, 0, 0, 0, 0, 0, 0, 0, 0, 0, 0, 0, 0, 0, 0, 0, 0, 0, 0, 0, 0, 0, 0, 0, 0, 0, 0, 0, 0, 0, 0, 0, 0, 0, 0, 0, 0, 0, 0, 0, 0, 0, 0, 0, 0, 0, 0, 0, 0, 0, 0, 0, 0, 0, 0, 0, 0, 0, 0, 0, 0, 0, 0, 0, 0, 0, 0};
weights_conv[23] = {-16, -27, -34, 26, 19, 5, 0, -31, 11, -35, 13, 11, -3, 25, -17, -1, -7, 21, -6, 20, -1, -14, 1, -1, -26, 24, 53, -18, -9, 29, 14, 5, 12, -23, -27, 13, 1, -27, 15, -5, 0, -4, -22, -5, 10, 0, 60, 19, 3, 37, -16, 19, 27, 12, -15, 0, 2, 12, 22, 37, 11, -3, -12, 14, 15, 28, 39, -16, -2, 36, 0, -16};
weights_conv[24] = {0, 0, 0, 0, 0, 0, 0, 0, 0, 0, 0, 0, 0, 0, 0, 0, 0, 0, 0, 0, 0, 0, 0, 0, 0, 0, 0, 0, 0, 0, 0, 0, 0, 0, 0, 0, 0, 0, 0, 0, 0, 0, 0, 0, 0, 0, 0, 0, 0, 0, 0, 0, 0, 0, 0, 0, 0, 0, 0, 0, 0, 0, 0, 0, 0, 0, 0, 0, 0, 0, 0, 0};
weights_conv[25] = {-4, 46, 18, -49, -12, 18, 0, 28, 14, 39, -21, -6, -36, 2, 29, 9, -18, -23, 30, 11, 27, 2, 32, -60, 46, 3, -20, -15, 5, -22, -16, -16, 25, 26, 8, 20, -93, 29, 13, 12, 0, -28, 36, 8, -26, 0, -22, -10, 33, -22, 2, -7, 42, 0, -4, 0, -26, -65, 1, -51, -25, 50, 48, -18, 16, -30, -25, 42, 5, -47, 0, -12};
weights_conv[26] = {23, -11, -38, 36, 78, -3, 0, 30, 40, 15, 9, -2, 17, 30, -22, -10, 21, 10, 26, -14, -23, 58, 20, 8, 51, -33, 2, 79, 71, -6, -15, 70, 0, -29, 3, 28, -12, 48, -2, 56, 0, -21, 3, 49, -46, 0, 1, 21, 72, 0, 1, -9, -61, 19, -13, 0, 51, -9, -62, 32, 33, 75, -47, 20, -31, -33, -5, 51, -32, 18, 0, 86};
weights_conv[27] = {0, 0, 0, 0, 0, 0, 0, 0, 0, 0, 0, 0, 0, 0, 0, 0, 0, 0, 0, 0, 0, 0, 0, 0, 0, 0, 0, 0, 0, 0, 0, 0, 0, 0, 0, 0, 0, 0, 0, 0, 0, 0, 0, 0, 0, 0, 0, 0, 0, 0, 0, 0, 0, 0, 0, 0, 0, 0, 0, 0, 0, 0, 0, 0, 0, 0, 0, 0, 0, 0, 0, 0};
weights_conv[28] = {0, 0, 0, 0, 0, 0, 0, 0, 0, 0, 0, 0, 0, 0, 0, 0, 0, 0, 0, 0, 0, 0, 0, 0, 0, 0, 0, 0, 0, 0, 0, 0, 0, 0, 0, 0, 0, 0, 0, 0, 0, 0, 0, 0, 0, 0, 0, 0, 0, 0, 0, 0, 0, 0, 0, 0, 0, 0, 0, 0, 0, 0, 0, 0, 0, 0, 0, 0, 0, 0, 0, 0};
weights_conv[29] = {-10, -20, -34, 6, 56, -29, 0, -27, 14, -46, -6, -19, 10, 4, 10, 10, 5, 10, 4, -10, -33, 6, -17, -6, -22, -7, 51, 26, 35, 24, 15, 29, -9, -36, -24, -22, -9, -27, -18, -4, 0, 6, -70, -12, -18, 0, 50, -12, 8, 14, 19, -35, -38, -26, -32, 0, 64, 7, -46, 16, 52, 59, -49, 24, -19, -21, 13, -8, -8, 26, 0, 3};
weights_conv[30] = {-34, 22, -21, -17, -7, 7, 0, 24, -108, 28, -7, -35, -44, -8, 12, -26, -88, 2, -5, 1, 66, -26, -19, 3, 1, -8, 6, 0, -94, 46, -34, -28, 22, 40, -41, 16, 11, -14, -45, 2, 0, 18, 39, -33, 28, 0, 18, 29, -5, 45, 0, 27, -20, -45, -28, 0, 26, 12, 10, 19, -9, -43, 10, 9, 17, 31, -51, 1, 11, 5, 0, -32};
weights_conv[31] = {0, 7, -45, 44, 87, -48, 0, -30, -8, -42, 4, -19, 51, -26, -35, 14, 20, -7, 3, -24, 17, -45, 5, 15, -30, 13, 4, 44, -20, 7, -28, -17, 42, -26, -33, 40, 17, -69, -1, -7, 0, -22, -93, 5, -1, 0, -2, 31, -13, -9, 12, -2, 21, -10, -17, 0, 46, 9, -1, 3, 2, -7, -3, -27, 20, 14, -4, -43, 14, 37, 0, -8};
weights_conv[32] = {0, 0, 0, 0, 0, 0, 0, 0, 0, 0, 0, 0, 0, 0, 0, 0, 0, 0, 0, 0, 0, 0, 0, 0, 0, 0, 0, 0, 0, 0, 0, 0, 0, 0, 0, 0, 0, 0, 0, 0, 0, 0, 0, 0, 0, 0, 0, 0, 0, 0, 0, 0, 0, 0, 0, 0, 0, 0, 0, 0, 0, 0, 0, 0, 0, 0, 0, 0, 0, 0, 0, 0};
weights_conv[33] = {-23, 14, 86, 19, 7, -39, 0, 19, 14, -13, 25, 32, -21, 28, -9, 66, 29, -20, -10, 58, -18, 26, 30, -3, 25, -8, -23, -31, 24, -94, 2, 5, -22, -13, 36, -2, -11, 5, -11, 39, 0, -45, 7, 51, -4, 0, 10, -85, 33, -22, 1, -58, -35, 48, -27, 0, 46, 5, 5, -69, -24, 12, -10, 1, -73, -26, 34, 28, -2, -1, 0, 6};
weights_conv[34] = {34, 41, 16, -81, 27, 7, 0, -28, -30, 44, -75, 10, -28, 19, 23, 17, 15, -41, -5, -45, 52, -18, 68, -2, -23, 32, -8, 0, -38, 7, 9, -3, -16, 32, 16, -82, 1, -5, 31, -17, 0, -41, -6, -16, 30, 0, -66, -25, 1, 14, 11, -18, -18, -14, 21, 0, -45, -9, 26, 31, -25, -31, 52, 21, -21, 6, -70, -17, 54, 16, 0, 11};
weights_conv[35] = {-2, 1, 2, -3, 2, -3, 0, -2, -2, -1, -2, -2, -4, -5, -6, -4, 34, 4, 0, 2, 0, -5, -6, 5, -5, 1, -13, -7, 0, 1, 3, -2, 2, -11, 3, 3, 5, -1, 2, 4, 0, -2, -4, 1, 0, 0, 0, 0, -5, 4, -1, 2, 5, 4, -2, 0, -1, 4, -1, -3, 2, 3, -11, 3, -6, 0, -2, 4, 2, -3, 0, -3};
weights_conv[36] = {0, 0, 0, 0, 0, 0, 0, 0, 0, 0, 0, 0, 0, 0, 0, 0, 0, 0, 0, 0, 0, 0, 0, 0, 0, 0, 0, 0, 0, 0, 0, 0, 0, 0, 0, 0, 0, 0, 0, 0, 0, 0, 0, 0, 0, 0, 0, 0, 0, 0, 0, 0, 0, 0, 0, 0, 0, 0, 0, 0, 0, 0, 0, 0, 0, 0, 0, 0, 0, 0, 0, 0};
weights_conv[37] = {14, 18, 4, 3, 24, -36, 0, 30, -16, -52, -47, -27, 1, 1, 26, 10, 80, -32, 28, 2, -69, 11, 34, -17, 4, 5, -71, 4, -3, -15, -10, 9, -19, -17, 3, -12, -22, 24, 47, 34, 0, -13, 2, 38, -28, 0, -22, -52, 2, 2, 0, 8, -11, 3, -6, 0, 3, -28, 28, -14, -41, 0, 8, -7, 13, -36, -49, -5, 33, -1, 0, 16};
weights_conv[38] = {0, 0, 0, 0, 0, 0, 0, 0, 0, 0, 0, 0, 0, 0, 0, 0, 0, 0, 0, 0, 0, 0, 0, 0, 0, 0, 0, 0, 0, 0, 0, 0, 0, 0, 0, 0, 0, 0, 0, 0, 0, 0, 0, 0, 0, 0, 0, 0, 0, 0, 0, 0, 0, 0, 0, 0, 0, 0, 0, 0, 0, 0, 0, 0, 0, 0, 0, 0, 0, 0, 0, 0};
weights_conv[39] = {12, 1, 59, -22, 3, 17, 0, 2, 18, 9, 2, 3, 42, -31, 46, 80, 15, 11, 38, 43, -41, 6, -9, -37, 4, -2, 12, -11, -10, -48, -25, -27, -72, 6, 11, 5, -35, 21, 59, -6, 0, 29, 35, -8, -5, 0, -31, -89, -19, -31, 13, -32, 1, 35, -3, 0, -16, -10, 49, -82, -16, 22, 8, -65, 14, -42, -32, 7, 59, -71, 0, 3};
weights_conv[40] = {0, 0, 0, 0, 0, 0, 0, 0, 0, 0, 0, 0, 0, 0, 0, 0, 0, 0, 0, 0, 0, 0, 0, 0, 0, 0, 0, 0, 0, 0, 0, 0, 0, 0, 0, 0, 0, 0, 0, 0, 0, 0, 0, 0, 0, 0, 0, 0, 0, 0, 0, 0, 0, 0, 0, 0, 0, 0, 0, 0, 0, 0, 0, 0, 0, 0, 0, 0, 0, 0, 0, 0};
weights_conv[41] = {0, 0, 0, 0, 0, 0, 0, 0, 0, 0, 0, 0, 0, 0, 0, 0, 0, 0, 0, 0, 0, 0, 0, 0, 0, 0, 0, 0, 0, 0, 0, 0, 0, 0, 0, 0, 0, 0, 0, 0, 0, 0, 0, 0, 0, 0, 0, 0, 0, 0, 0, 0, 0, 0, 0, 0, 0, 0, 0, 0, 0, 0, 0, 0, 0, 0, 0, 0, 0, 0, 0, 0};
weights_conv[42] = {0, 0, 0, 0, 0, 0, 0, 0, 0, 0, 0, 0, 0, 0, 0, 0, 0, 0, 0, 0, 0, 0, 0, 0, 0, 0, 0, 0, 0, 0, 0, 0, 0, 0, 0, 0, 0, 0, 0, 0, 0, 0, 0, 0, 0, 0, 0, 0, 0, 0, 0, 0, 0, 0, 0, 0, 0, 0, 0, 0, 0, 0, 0, 0, 0, 0, 0, 0, 0, 0, 0, 0};
weights_conv[43] = {17, -3, -35, 32, 61, 44, 0, -6, 48, 12, -23, 12, 38, -39, 12, 7, 13, 44, 19, 29, 2, 6, -27, -9, -10, 14, -1, -4, -10, -15, 23, -37, -23, 4, -30, 14, -16, -39, 59, -38, 0, 33, -19, -51, 16, 0, -23, -25, 21, 16, -11, 20, -5, 58, -4, 0, -29, -15, -10, 23, 25, 23, -43, 28, 14, -30, -40, -12, 45, -10, 0, -41};
weights_conv[44] = {41, 39, 25, -90, 5, -5, 0, -22, -21, 6, -34, -39, -4, -16, -9, 7, -3, -40, -24, -12, 80, -36, 43, 19, -28, 45, -10, -17, -10, -22, -16, -32, 20, 5, -9, -38, 39, -29, 11, 23, 0, 11, -44, 5, 23, 0, -44, -23, -20, -2, 23, -16, 18, 0, 55, 0, -69, 17, 58, -9, -64, -14, 54, 0, 32, 35, -27, -39, 10, 26, 0, -19};
weights_conv[45] = {0, 0, 0, 0, 0, 0, 0, 0, 0, 0, 0, 0, 0, 0, 0, 0, 0, 0, 0, 0, 0, 0, 0, 0, 0, 0, 0, 0, 0, 0, 0, 0, 0, 0, 0, 0, 0, 0, 0, 0, 0, 0, 0, 0, 0, 0, 0, 0, 0, 0, 0, 0, 0, 0, 0, 0, 0, 0, 0, 0, 0, 0, 0, 0, 0, 0, 0, 0, 0, 0, 0, 0};
weights_conv[46] = {-3, -6, -1, -2, 18, 30, 0, -3, 32, -5, -12, -31, 42, 2, 6, 41, 65, 24, -31, 77, -33, 14, -37, 0, -16, 19, -26, -22, -11, -23, 6, 3, 6, -1, -62, -9, -13, -4, 56, -38, 0, -2, -4, -19, 7, 0, 11, 5, -10, -3, 4, -23, -31, 73, -7, 0, -3, -13, 0, -8, 42, 14, -8, -13, -10, 2, -23, -1, 23, -5, 0, -7};
weights_conv[47] = {0, 0, 0, 0, 0, 0, 0, 0, 0, 0, 0, 0, 0, 0, 0, 0, 0, 0, 0, 0, 0, 0, 0, 0, 0, 0, 0, 0, 0, 0, 0, 0, 0, 0, 0, 0, 0, 0, 0, 0, 0, 0, 0, 0, 0, 0, 0, 0, 0, 0, 0, 0, 0, 0, 0, 0, 0, 0, 0, 0, 0, 0, 0, 0, 0, 0, 0, 0, 0, 0, 0, 0};
weights_conv[48] = {-33, -6, 10, -15, 8, -14, 0, -6, 12, -25, -13, 13, -5, 3, -28, -9, 3, -34, 5, 0, -22, -4, -4, 38, -10, -26, -9, -39, 3, -60, -6, -2, 12, -8, 19, 23, 55, -6, -6, 23, 0, -55, 9, 23, -15, 0, -29, 1, -6, -13, 15, -11, 27, 12, 1, 0, -29, 43, 13, -17, -6, -4, 48, -7, 17, 34, -39, -17, 36, 11, 0, -11};
weights_conv[49] = {-26, -7, 14, -24, 1, -13, 0, -11, 6, -16, -24, 21, -3, 4, -20, -10, 7, -27, 4, -5, -4, -13, 0, 29, -23, -17, -15, -38, 0, -59, 5, 0, 9, 2, 18, 19, 49, -2, -15, 18, 0, -50, 8, 28, -6, 0, -28, -3, -11, 0, 10, -17, 35, 10, 29, 0, -60, 43, 42, -13, -18, -7, 71, -5, 19, 58, -22, -27, 30, 18, 0, -8};
weights_conv[50] = {0, 0, 0, 0, 0, 0, 0, 0, 0, 0, 0, 0, 0, 0, 0, 0, 0, 0, 0, 0, 0, 0, 0, 0, 0, 0, 0, 0, 0, 0, 0, 0, 0, 0, 0, 0, 0, 0, 0, 0, 0, 0, 0, 0, 0, 0, 0, 0, 0, 0, 0, 0, 0, 0, 0, 0, 0, 0, 0, 0, 0, 0, 0, 0, 0, 0, 0, 0, 0, 0, 0, 0};
weights_conv[51] = {-63, -11, 4, 30, -5, -19, 0, -16, 10, -16, 35, 13, 30, -4, 4, 44, 41, 14, 13, -14, -34, -24, 8, -8, 17, -35, 14, 9, 7, -28, 12, 25, -10, -22, -42, -44, -7, 31, -62, -8, 0, -2, -10, 26, -10, 0, 47, -30, -13, -3, -3, -55, -6, -18, 15, 0, 14, -6, 7, -5, 33, -2, 13, 34, -42, -1, 19, -19, -6, -11, 0, 2};
weights_conv[52] = {39, -28, 22, -1, 27, -46, 0, -18, 24, -11, 8, -22, -17, -42, 2, -17, 10, 12, -8, 9, 1, -13, -55, -9, -15, -26, -49, 15, 28, 41, 2, 50, 0, -39, -14, 28, -10, -43, -31, 9, 0, 9, -58, 8, 19, 0, 40, 28, 14, 14, 46, -20, -7, -9, -6, 0, 24, -5, -17, 45, 16, 21, -47, 16, -24, -1, 1, 5, -13, 58, 0, 50};
weights_conv[53] = {14, 29, 9, -24, 8, -37, 0, -20, -12, -34, -3, -36, -16, 19, -6, -42, -19, -49, -27, -45, 30, -4, 51, -3, 7, -26, -36, -6, 2, 6, -23, -16, 19, 40, -36, -14, 29, -6, -22, 15, 0, -5, -43, 37, 16, 0, -29, 9, -15, -8, 32, -5, 25, -42, 30, 0, -21, 16, 57, -33, -22, -13, 84, 1, 39, 56, -26, -3, -1, 26, 0, 8};
weights_conv[54] = {3, 9, -2, -21, -13, -4, 0, 4, 2, 17, 16, -7, 7, -12, 7, 14, 3, -46, -9, 3, -66, 0, 15, 13, 11, 28, 23, -5, 8, -2, 0, -1, 17, 23, -6, 4, -14, 9, 2, -2, 0, 14, -7, -44, -3, 0, 29, 8, 1, 2, -2, 18, 40, 2, 11, 0, 7, -14, 26, 2, -46, 10, 28, -48, 26, -14, -29, 15, -18, 4, 0, 14};
weights_conv[55] = {0, 0, 0, 0, 0, 0, 0, 0, 0, 0, 0, 0, 0, 0, 0, 0, 0, 0, 0, 0, 0, 0, 0, 0, 0, 0, 0, 0, 0, 0, 0, 0, 0, 0, 0, 0, 0, 0, 0, 0, 0, 0, 0, 0, 0, 0, 0, 0, 0, 0, 0, 0, 0, 0, 0, 0, 0, 0, 0, 0, 0, 0, 0, 0, 0, 0, 0, 0, 0, 0, 0, 0};
weights_conv[56] = {23, 16, 31, -20, -47, -54, 0, -42, -44, -15, 17, 24, 32, -4, -24, -23, 19, 22, -52, 23, 31, -102, 13, -11, -3, -23, 11, -16, -27, -19, -9, -14, 8, -35, -43, -7, 14, 6, -19, 4, 0, 23, -44, 63, 30, 0, 14, -10, -62, -14, -8, -24, 0, 42, 38, 0, -25, 0, 37, -22, -12, -14, 33, 5, 28, 33, 25, -54, -9, 20, 0, 17};
weights_conv[57] = {-22, 1, -2, -5, -30, 5, 0, 13, 25, -11, 6, -56, 15, -40, 70, 66, 62, 44, -22, 67, -22, 23, -58, 1, 9, -14, -2, -36, -21, -10, 40, -20, -33, 46, -61, 43, -2, -41, 48, -51, 0, 33, 0, -20, 2, 0, 24, -62, 19, -28, 88, -51, -30, 60, -3, 0, -10, 1, -4, -20, 43, 27, 22, -22, -2, -16, -17, 8, 77, -16, 0, -27};
weights_conv[58] = {0, 0, 0, 0, 0, 0, 0, 0, 0, 0, 0, 0, 0, 0, 0, 0, 0, 0, 0, 0, 0, 0, 0, 0, 0, 0, 0, 0, 0, 0, 0, 0, 0, 0, 0, 0, 0, 0, 0, 0, 0, 0, 0, 0, 0, 0, 0, 0, 0, 0, 0, 0, 0, 0, 0, 0, 0, 0, 0, 0, 0, 0, 0, 0, 0, 0, 0, 0, 0, 0, 0, 0};
weights_conv[59] = {0, 0, 0, 0, 0, 0, 0, 0, 0, 0, 0, 0, 0, 0, 0, 0, 0, 0, 0, 0, 0, 0, 0, 0, 0, 0, 0, 0, 0, 0, 0, 0, 0, 0, 0, 0, 0, 0, 0, 0, 0, 0, 0, 0, 0, 0, 0, 0, 0, 0, 0, 0, 0, 0, 0, 0, 0, 0, 0, 0, 0, 0, 0, 0, 0, 0, 0, 0, 0, 0, 0, 0};
weights_conv[60] = {0, 0, 0, 0, 0, 0, 0, 0, 0, 0, 0, 0, 0, 0, 0, 0, 0, 0, 0, 0, 0, 0, 0, 0, 0, 0, 0, 0, 0, 0, 0, 0, 0, 0, 0, 0, 0, 0, 0, 0, 0, 0, 0, 0, 0, 0, 0, 0, 0, 0, 0, 0, 0, 0, 0, 0, 0, 0, 0, 0, 0, 0, 0, 0, 0, 0, 0, 0, 0, 0, 0, 0};
weights_conv[61] = {0, 0, 0, 0, 0, 0, 0, 0, 0, 0, 0, 0, 0, 0, 0, 0, 0, 0, 0, 0, 0, 0, 0, 0, 0, 0, 0, 0, 0, 0, 0, 0, 0, 0, 0, 0, 0, 0, 0, 0, 0, 0, 0, 0, 0, 0, 0, 0, 0, 0, 0, 0, 0, 0, 0, 0, 0, 0, 0, 0, 0, 0, 0, 0, 0, 0, 0, 0, 0, 0, 0, 0};
weights_conv[62] = {0, 0, 0, 0, 0, 0, 0, 0, 0, 0, 0, 0, 0, 0, 0, 0, 0, 0, 0, 0, 0, 0, 0, 0, 0, 0, 0, 0, 0, 0, 0, 0, 0, 0, 0, 0, 0, 0, 0, 0, 0, 0, 0, 0, 0, 0, 0, 0, 0, 0, 0, 0, 0, 0, 0, 0, 0, 0, 0, 0, 0, 0, 0, 0, 0, 0, 0, 0, 0, 0, 0, 0};
weights_conv[63] = {25, -15, -4, 7, 14, -34, 0, 21, -51, 20, 29, 0, -6, 32, -32, 9, 58, -49, -24, 23, -28, 10, 17, 19, 0, 1, 60, -11, 17, 0, 20, 62, 0, 8, 24, 45, 17, 19, 3, 8, 0, -40, -12, 48, -8, 0, -15, 25, 3, -11, 12, -12, 8, -2, 20, 0, 48, 21, -34, 50, -36, -26, -35, 42, -80, -21, 12, 7, -36, 23, 0, 47};
weights_conv[64] = {0, 0, 0, 0, 0, 0, 0, 0, 0, 0, 0, 0, 0, 0, 0, 0, 0, 0, 0, 0, 0, 0, 0, 0, 0, 0, 0, 0, 0, 0, 0, 0, 0, 0, 0, 0, 0, 0, 0, 0, 0, 0, 0, 0, 0, 0, 0, 0, 0, 0, 0, 0, 0, 0, 0, 0, 0, 0, 0, 0, 0, 0, 0, 0, 0, 0, 0, 0, 0, 0, 0, 0};
weights_conv[65] = {-47, 10, 14, -3, -56, 21, 0, 63, 37, 29, 21, -21, -49, 9, 16, -5, -2, -4, 42, 10, 3, 53, 2, 20, 53, -1, 1, -8, 45, 2, -6, -22, 14, 43, 23, 56, -4, 20, -10, 14, 0, -10, 49, -27, -11, 0, -10, 32, 37, -27, -34, 23, -22, -19, 12, 0, 16, -12, 16, -5, 4, 17, 16, 22, 1, -18, 20, 60, 1, -64, 0, -18};
weights_conv[66] = {0, 0, 0, 0, 0, 0, 0, 0, 0, 0, 0, 0, 0, 0, 0, 0, 0, 0, 0, 0, 0, 0, 0, 0, 0, 0, 0, 0, 0, 0, 0, 0, 0, 0, 0, 0, 0, 0, 0, 0, 0, 0, 0, 0, 0, 0, 0, 0, 0, 0, 0, 0, 0, 0, 0, 0, 0, 0, 0, 0, 0, 0, 0, 0, 0, 0, 0, 0, 0, 0, 0, 0};
weights_conv[67] = {45, 21, 3, 3, 3, -16, 0, 50, -6, -27, -34, -32, -16, -8, 0, -6, 7, -21, 15, 12, -49, 13, 15, -11, 2, 18, -28, -1, 10, -25, 0, -13, -15, 6, 14, 24, -15, -2, 22, 38, 0, -2, 30, 6, -15, 0, 1, -42, 13, 14, 29, -7, 30, 12, 11, 0, 13, -20, 7, 4, -81, 9, 7, -25, -6, 1, -9, 1, 5, 0, 0, 9};
weights_conv[68] = {0, 0, 0, 0, 0, 0, 0, 0, 0, 0, 0, 0, 0, 0, 0, 0, 0, 0, 0, 0, 0, 0, 0, 0, 0, 0, 0, 0, 0, 0, 0, 0, 0, 0, 0, 0, 0, 0, 0, 0, 0, 0, 0, 0, 0, 0, 0, 0, 0, 0, 0, 0, 0, 0, 0, 0, 0, 0, 0, 0, 0, 0, 0, 0, 0, 0, 0, 0, 0, 0, 0, 0};
weights_conv[69] = {-32, 13, -42, 11, -49, 45, 0, 8, -5, -4, 4, -36, 4, -31, 60, -31, -29, 22, 6, 38, 1, 24, -12, -23, 16, 41, 9, 4, -13, 49, -32, -38, 16, 60, -55, -38, -51, -38, 39, -56, 0, 57, 26, -50, 4, 0, -8, -16, 24, 23, 33, 70, 51, -19, -58, 0, 28, -25, 3, -8, 25, 21, 20, -26, 56, -28, -26, 20, 33, -15, 0, -61};
weights_conv[70] = {-17, -2, -21, 12, -5, 12, 0, -5, 0, -6, 28, 6, 17, -24, 11, 18, 45, 6, -3, 14, -47, -6, 10, 5, 9, 57, 22, -1, -11, -10, -6, -8, 8, 0, -28, -3, -18, -7, 16, -15, 0, 2, -21, -60, -13, 0, 44, -12, -8, -17, -3, 8, 3, 2, -4, 0, -8, -11, 13, -6, 1, -6, 22, -48, 14, 8, -62, 3, -10, -7, 0, 0};
weights_conv[71] = {17, -27, -26, 46, 2, 28, 0, -32, 34, 7, 9, 42, 45, -41, -27, -79, 4, 58, 67, 9, -24, -9, 1, -13, 11, 10, 13, 45, 23, 0, -39, -45, -7, -5, 40, 9, -10, 29, 16, -4, 0, 47, 38, -28, -19, 0, 0, -1, -16, -19, -80, 32, 16, 32, -22, 0, -64, -15, 13, -19, 5, 8, 0, -37, 53, 1, -5, 3, -45, -16, 0, -19};

Bias (8 bit):
 {71, 100, 391, 0, 117, 0, -348, 0, 267, 0, 0, 0, 0, 0, -288, 273, 0, 341, -72, 571, -50, 0, -401, -558, 0, -538, 0, 223, -372, 0, 0, 0, -21, 0, -288, 0, -74, 175, -305, 0, -429, 581, -301, 0, 0, -446, 518, 0, -279, 0, 0, 0, 0, 0, 70, 0, -4, -295, 0, -33, -122, -225, 0, 40, 0, 314, -12, 0, 0, 65, 0, 0};
