Input scale (32 bit):
 34581784
Input zero point:
 127
Weight scale (32 bit):
 61258824
Weight zero point:
 134
Output scale (32 bit):
 474872608
Output zero point:
 123
M scale (32 bit):
 4461069
Weight (8 bit):
weights_conv[0] = {-35, 7, 80, -24, 22, 7, -19, 43, -24, -21, 0, 2, 39, 27, -15, -18, -46, -14, 13, -4, 39, 1, -34, 5, -30, 11, 19, 14, 14, -26, -34, -50, -45, 19, -17, -19, -28, -30, 3, 6, 5, 30, 18, 16, 11, -24, 104, -4, -22, -5, -15, 20, -45, -17, -18, -36, 22, 16, 14, 12, -21, 30, 111, -45, 27, -17, 19, -33, 21, 17, 0, 24};
weights_conv[1] = {0, 20, -34, -26, -11, -11, -16, -23, -4, 46, 14, 8, 8, 6, -58, 7, -16, -35, 8, -4, -48, 1, 40, -30, 4, -55, 28, 83, 11, -33, 72, -3, 16, -16, -34, -13, 11, 5, 19, 9, -14, -11, 9, 11, 8, -54, -29, 52, -16, -15, 6, -29, -46, -15, -10, 14, 8, -15, -49, 39, -13, -50, -28, -12, -10, -32, 12, -67, -43, 39, -29, -56};
weights_conv[2] = {-1, 11, 2, -89, -27, 0, 24, 41, -40, -3, 5, 4, 12, 1, 31, 54, 65, 25, 3, -7, 29, 5, -15, -48, -33, 11, -7, -27, 29, 41, -65, -54, -58, 33, 23, -10, 8, -24, -9, 29, -11, 29, 9, 5, 12, -64, -20, 71, -8, -7, -17, 36, -12, -10, -8, -53, 5, 16, 22, 25, -8, 28, -49, -7, 4, -50, 8, -28, 23, -8, -16, 50};
weights_conv[3] = {18, -10, -55, -46, -11, -7, 43, -25, -7, -9, 6, 25, 19, 8, -70, 27, 13, -10, 4, -4, 90, -39, -32, 36, 20, 42, -36, 23, 1, -31, -49, -27, 67, 10, -58, -2, -19, -49, 15, 20, -21, 14, 7, 0, -2, -28, -17, -25, -6, -10, 8, -1, -14, -4, -5, -3, 8, -20, 37, -23, -6, -19, -23, -80, -82, 28, 10, 29, -3, 6, -9, 31};
weights_conv[4] = {17, -69, -5, -4, 3, -12, 16, 47, 20, -20, 36, -54, -8, 6, 5, -30, 1, -8, 6, 16, 0, 3, -1, -14, 0, 24, 19, 26, -7, -13, 4, 17, -18, -18, 39, 23, 5, 19, -18, -47, 20, -99, -32, -30, -10, -12, -3, -13, 30, 24, 32, -20, 21, 34, 31, 15, -24, -18, 40, -22, 27, 16, -1, -2, 14, 88, -29, 5, -10, 32, 35, -47};
weights_conv[5] = {21, 26, -21, -25, -31, 8, -7, -19, 35, -18, 5, 15, -11, 34, -30, -23, -52, 29, 6, -13, -57, -23, -57, -13, -13, 4, 16, -84, -8, -27, 21, 74, 13, 8, 41, -6, -9, -20, -18, 6, -15, 15, 14, 13, 19, 99, -9, -25, -10, 0, -45, 20, 68, -9, -11, 1, 7, 52, -4, 16, -9, -13, 32, -9, 7, -27, 11, -29, 66, -32, 5, 26};
weights_conv[6] = {-3, 25, -32, -31, -24, -11, 96, -22, -24, 21, -2, 14, 58, 7, -33, -10, 28, 25, 1, -24, -21, 4, 38, -42, -8, -71, -99, -15, 21, 4, -30, -21, 20, 4, -5, -4, -25, 26, 18, -1, -1, 30, 2, 4, 5, -15, -15, 1, -8, -11, -19, 3, 36, -8, -4, 27, 12, -23, -21, -55, -8, 11, 10, 24, -33, 25, 4, -8, 49, 11, -5, -8};
weights_conv[7] = {47, 8, 58, 70, 12, -6, 29, -13, -5, -4, 2, 2, -79, 29, 121, 60, -11, 2, 0, 38, -28, 10, 13, 33, 31, -23, 46, -77, -6, 24, 29, -26, 19, -6, -18, -13, -9, -2, 12, 14, 9, 17, 6, 10, -1, -19, -17, 24, -11, -11, -19, -14, -71, -14, -12, -25, 9, 20, -3, 33, -16, -55, -6, 16, 49, -7, 13, -18, 0, -2, -8, -38};
weights_conv[8] = {-6, 13, 38, 85, 7, 8, -9, -8, -14, -29, 4, -3, -56, 12, 37, 60, -21, 76, 3, 15, -24, 7, -3, 96, 26, 31, -53, -4, 12, 33, 7, -55, -9, 36, 28, -7, 20, 21, 26, 35, 9, 4, 5, 9, -2, 11, 0, -17, -11, -6, 24, -8, 27, -13, -13, 27, 11, 11, -18, 49, -9, -41, -37, 28, -55, 6, 4, 31, -3, -39, -33, 30};
weights_conv[9] = {-10, 19, -24, 39, 6, 9, 8, -13, -10, 31, 3, 5, -6, -17, 12, 22, -58, 14, 3, 47, -17, -8, -15, -34, -1, -11, -24, -134, -21, -6, 20, 22, 18, -12, -6, -14, 8, 26, -7, 12, 8, 17, 13, 9, 4, 113, -17, 13, -12, 1, -10, 24, 44, -9, -5, -68, 7, 15, -28, 11, -7, 24, 59, -8, 38, -19, 14, 1, -78, -12, 9, 22};
weights_conv[10] = {-19, 20, 10, 16, 16, 0, -49, -4, 22, 4, -35, 17, 5, -30, -5, -59, 31, -28, -28, -30, 4, 13, 16, -2, -1, 5, 26, 44, -16, 11, 4, 35, -18, -28, -11, 16, -1, 6, 0, -3, -13, 20, -11, -13, -15, 8, 19, -26, 12, 4, 0, -5, -1, 10, 14, 28, -6, -12, -15, -29, 3, 17, -7, 25, 22, -36, -14, 40, -10, -20, -8, -8};

Bias (8 bit):
 {940, -746, -1515, -1745, -538, -832, 4135, -938, -445, -1806, -1746};
