Input scale (32 bit):
 34581784
Input zero point:
 127
Weight scale (32 bit):
 52886256
Weight zero point:
 94
Output scale (32 bit):
 405156992
Output zero point:
 167
M scale (32 bit):
 4514056
Weight (8 bit):
weights_conv[0] = {4, -10, -27, -9, 66, 88, -10, -37, -6, -4, -94, 64, -9, -34, -16, 19, -1, -42, -56, -86, 6, 105, 7, 35, -4, -5, 12, 4, -13, 26, -3, 25, 29, 25, -50, 23, -13, -49, -3, 0, 14, 32, 26, 25, -24, -8, 25, 17, -29, 161, -16, 27, -8, -31, -28, 3, 4, 2, -34, -9, -27, 9, -3, 61, 12, -4, 26, -2, 19, -19, 17, 48};

Bias (8 bit):
 {-4014};
