Input scale (32 bit):
 34126276
Input zero point:
 127
Weight scale (32 bit):
 61534092
Weight zero point:
 134
Output scale (32 bit):
 503764288
Output zero point:
 117
M scale (32 bit):
 4168476
Weight (8 bit):
weights_conv[0] = {-36, 6, 76, -25, 22, 14, -17, 36, -25, -17, -3, 3, 49, 25, -11, -17, -47, -15, 11, -3, 41, 5, -36, 11, -31, 15, 15, 14, 7, -26, -30, -52, -40, 25, -16, -17, -28, -30, 0, 5, 3, 37, 16, 14, 10, -18, 93, -19, -21, -3, -13, 23, -49, -16, -16, -38, 21, 20, 23, 19, -20, 27, 111, -35, 27, -18, 17, -33, 23, 12, -1, 24};
weights_conv[1] = {-8, 20, -33, -29, -13, -12, -21, -25, 3, 46, 11, 16, 10, 6, -58, 5, -18, -36, 4, -4, -50, 3, 45, -28, 8, -46, 31, 85, 6, -31, 76, 3, 21, -11, -40, -10, 13, 8, 16, 6, -12, -10, 7, 9, 5, -54, -27, 54, -14, -12, 8, -32, -55, -13, -8, 13, 6, -16, -48, 45, -11, -58, -29, -11, -8, -34, 10, -68, -49, 33, -29, -56};
weights_conv[2] = {-5, 10, -3, -91, -24, 2, 25, 47, -36, 6, 4, 5, 10, 3, 36, 50, 65, 25, 0, -10, 25, 5, -16, -47, -32, 7, -7, -20, 28, 43, -66, -53, -55, 26, 23, -8, 11, -25, -4, 23, -7, 30, 8, 4, 11, -65, -21, 76, -7, -7, -20, 32, -10, -9, -7, -48, 3, 14, 27, 22, -6, 34, -51, -11, 0, -49, 6, -27, 22, -7, -14, 50};
weights_conv[3] = {16, -9, -56, -49, -11, -1, 45, -23, -2, -15, 5, 23, 19, 9, -67, 25, 16, -11, 4, -7, 97, -39, -35, 43, 23, 43, -35, 23, -4, -30, -49, -28, 67, 12, -66, -1, -23, -50, 18, 18, -20, 14, 6, -1, -3, -26, -19, -25, -5, -10, 8, 4, -20, -3, -5, -4, 8, -21, 39, -18, -5, -13, -22, -88, -81, 25, 9, 29, -1, 10, -9, 31};
weights_conv[4] = {17, -71, -3, -2, 3, -14, 18, 49, 21, -20, 37, -59, -11, 9, 4, -31, 0, -8, 6, 16, -5, 1, -4, -19, -1, 23, 20, 24, -3, -10, 4, 15, -20, -18, 40, 22, 5, 20, -18, -48, 20, -103, -31, -29, -9, -13, -3, -12, 29, 22, 35, -23, 24, 33, 30, 13, -23, -19, 41, -21, 26, 19, -1, -5, 14, 91, -28, 7, -10, 41, 35, -50};
weights_conv[5] = {28, 29, -20, -20, -29, 11, -2, -19, 21, -10, 5, 12, -7, 33, -27, -9, -50, 26, 8, -9, -59, -28, -55, -5, -13, 1, 14, -86, -7, -26, 15, 74, 17, 18, 39, -7, -8, -23, -23, 7, -14, 18, 15, 13, 21, 99, -12, -25, -10, -2, -50, 15, 67, -9, -12, 8, 7, 55, -6, 10, -10, -18, 38, -9, -3, -26, 11, -34, 60, -33, 3, 24};
weights_conv[6] = {-4, 24, -32, -34, -25, -12, 92, -21, -24, 21, -3, 17, 59, 3, -42, -12, 29, 25, 0, -28, -20, 5, 31, -47, -11, -73, -103, -10, 15, -1, -29, -16, 19, 4, 2, -3, -26, 24, 15, 0, -4, 30, 1, 2, 3, -13, -14, -5, -6, -8, -21, 4, 36, -7, -2, 31, 10, -25, -22, -57, -6, 9, 3, 26, -35, 22, 2, 2, 51, 6, -4, -7};
weights_conv[7] = {51, 7, 64, 69, 18, 0, 36, -12, -11, 0, 2, 4, -82, 26, 120, 57, -7, 0, 0, 38, -23, 13, 10, 28, 28, -19, 46, -72, -4, 21, 28, -26, 16, -17, -18, -13, -11, 0, 15, 15, 6, 16, 6, 9, -2, -23, -16, 12, -10, -9, -14, -14, -77, -14, -12, -28, 8, 25, -4, 32, -15, -49, -2, 14, 50, -8, 13, -22, 4, -11, -9, -34};
weights_conv[8] = {-3, 11, 30, 85, 5, 11, -10, -15, -23, -26, 2, -3, -54, 12, 31, 68, -27, 77, 2, 12, -23, 5, 2, 96, 27, 28, -56, -4, 11, 30, 10, -55, -5, 39, 30, -6, 20, 17, 23, 35, 9, 5, 3, 8, -4, 9, 1, -17, -9, -5, 19, -2, 32, -11, -11, 28, 9, 13, -20, 49, -8, -55, -38, 31, -64, 7, 3, 28, -3, -37, -32, 33};
weights_conv[9] = {-7, 19, -17, 44, 2, 9, 4, -14, -7, 26, 1, 4, -10, -22, 20, 18, -58, 14, 3, 44, -11, -1, -11, -30, 0, -8, -21, -134, -23, -1, 18, 20, 19, -4, -2, -13, 12, 23, -7, 13, 10, 17, 12, 8, 3, 113, -17, 21, -11, 2, -7, 21, 36, -8, -4, -66, 6, 15, -27, 19, -6, 22, 65, -6, 47, -21, 13, -3, -76, -13, 10, 18};
weights_conv[10] = {-18, 23, 7, 15, 17, -3, -52, -4, 24, 0, -33, 19, 6, -31, -4, -59, 32, -27, -26, -28, 6, 12, 20, -1, -1, 4, 26, 43, -15, 7, 3, 35, -19, -31, -12, 15, 0, 7, 1, -1, -13, 21, -10, -11, -14, 10, 21, -25, 11, 4, -2, -1, 3, 8, 13, 28, -5, -13, -18, -33, 2, 16, -8, 27, 25, -37, -12, 41, -10, -22, -8, -6};

Bias (8 bit):
 {793, -626, -1325, -1687, -334, -905, 4051, -851, -300, -1567, -1574};
