Input scale (32 bit):
 34126276
Input zero point:
 127
Weight scale (32 bit):
 50826904
Weight zero point:
 92
Output scale (32 bit):
 430519872
Output zero point:
 163
M scale (32 bit):
 4028927
Weight (8 bit):
weights_conv[0] = {2, -7, -28, -10, 75, 91, -10, -37, -2, -3, -91, 68, -11, -36, -16, 22, 1, -41, -59, -87, 7, 107, -1, 36, 0, -7, 12, 2, -16, 30, -3, 26, 34, 24, -55, 25, -14, -50, -3, 2, 17, 36, 27, 26, -24, -5, 28, 15, -31, 161, -16, 22, -5, -33, -29, 6, 5, 5, -26, -12, -28, 10, -9, 62, 11, -1, 28, -7, 21, -25, 17, 41};

Bias (8 bit):
 {-4284};
